          1        1.000  -1.115362548828   0.010981288739  -9.653000000000  -9.853000000000  -9.903500000000  -9.936000000000  -9.934000000000  -9.933000000000  -9.929500000000  -9.925000000000  -9.915000000000  -9.902500000000  -9.887000000000
          1        2.000  -8.807684326172   0.066852577031  -8.138352083133  -8.080348326974  -8.056360654457  -8.043015416470  -8.035149612265  -8.034976978450  -8.041012082616  -8.054317684415  -8.095263183208  -8.153310932018  -8.222037453603
          1        3.000 -18.523382568359   0.140835538507 -12.808486851385 -12.340740773216 -12.076129781179 -11.865212542311 -11.637382602867 -11.429331422516 -11.258467365281 -11.075395222054 -10.765066261280 -10.494311877294 -10.266548916388
          1        4.000 -24.911749267578   0.187731534243 -18.609486546944 -17.809882449433 -17.347033468053 -16.970529591244 -16.556447779141 -16.171790228998 -15.848757611978 -15.494590803825 -14.871931293694 -14.300440212050 -13.793308612383
          1        5.000 -28.248526000977   0.236412584782 -21.503583957035 -20.808447725204 -20.397875475549 -20.057746839834 -19.676787264028 -19.316346511865 -19.007666432793 -18.662510440067 -18.037064993924 -17.439627456245 -16.888057086733
          1        6.000 -27.938772583008   0.278858751059 -22.130535190823 -21.622510792889 -21.318069504975 -21.062569016627 -20.772479834406 -20.494121553668 -20.252404908636 -19.978379356320 -19.471370037394 -18.973858126480 -18.502380865565
          1        7.000 -26.013922119141   0.315248966217 -21.591422268198 -21.252125291102 -21.045928303231 -20.870755860050 -20.669250747318 -20.473204509854 -20.300758482297 -20.102791311403 -19.729615581634 -19.354771292342 -18.991607576869
          1        8.000 -16.588568115234   0.327946692705 -17.950716272885 -18.017646422534 -18.045641457812 -18.060548778787 -18.067314941707 -18.063593394745 -18.052092468431 -18.030004641442 -17.964627890853 -17.870766137677 -17.755616633952
          1        9.000  -5.286932373047   0.223500937223 -10.975702130495 -11.596394193785 -11.945463394248 -12.222218174857 -12.519236417129 -12.787897697584 -13.006419045748 -13.237990706209 -13.622784004569 -13.947631331253 -14.209353336540
          1       10.000   2.886865234375   0.054121449590  -0.446343604052  -1.963952570157  -2.760453087575  -3.384812270394  -4.067393709993  -4.705451931764  -5.228865617128  -5.791284309508  -6.754230533072  -7.611278729371  -8.351303145938
          1       11.000   3.837762451172   0.000000000000   3.834566500253   1.251438132859  -0.044560529575  -0.466439641970  -0.936793012864  -1.406287452776  -1.795007884399  -2.221430167485  -2.981237807579  -3.697904167571  -4.355357607552
          1       12.000   2.814416503906   0.000000000000   2.812952862686   1.569368530371   0.716273025392  -0.015000555000  -0.351902742918  -0.705260134746  -0.996746566638  -1.318112605304  -1.897006050655  -2.451870657965  -2.969215840198
          1       13.000  -1.542974853516   0.013427403755  -0.175869008426  -0.000118516693  -0.108728983916  -0.286653718640  -0.493811202081  -0.722604083096  -0.926432547742  -1.160200924723  -1.596057822084  -2.025594062437  -2.433380704018
          1       14.000  -9.259710693359   0.062251992524  -5.859392115468  -5.502768668203  -5.306846752063  -5.154663162081  -4.993260900434  -4.849036284082  -4.737321660164  -4.626192684973  -4.464693482471  -4.362310584491  -4.316247534667
          1       15.000 -18.759481811523   0.140468612313 -11.327003735390 -10.712376577849 -10.362646260883 -10.082641812231  -9.778245967218  -9.497901497328  -9.266515685913  -9.017504290962  -8.593130631071  -8.221297312631  -7.908478981097
          1       16.000 -24.704168701172   0.198029324412 -17.652355656515 -16.754370858576 -16.233705521056 -15.809716521361 -15.342625750854 -14.907703727544 -14.542014731294 -14.140684122094 -13.434385984202 -12.785853469367 -12.210739736588
          1       17.000 -27.805807495117   0.242895320058 -20.561905674582 -19.814098536012 -19.372358484414 -19.006491703723 -18.596659365979 -18.208718088971 -17.876555615206 -17.505273119051 -16.833040630893 -16.191920310412 -15.601218652359
          1       18.000 -29.056814575195   0.268776237965 -21.944756776563 -21.328792698598 -20.962047457588 -20.656011198210 -20.310602979080 -19.981170269656 -19.696781814103 -19.376233068333 -18.788211295242 -18.217419968179 -17.682010432527
          1       19.000 -26.172918701172   0.291705399752 -21.662975181682 -21.259374526690 -21.014276481459 -20.806291059930 -20.567407642085 -20.335442845553 -20.131837894754 -19.898652853368 -19.460847961359 -19.023597420696 -18.602545151839
          1       20.000 -16.219549560547   0.304236292839 -17.593896683011 -17.659385416370 -17.685634522539 -17.698454390734 -17.702112440503 -17.694647690336 -17.679271800132 -17.652105185438 -17.575475323517 -17.468341082786 -17.338683001944
          1       21.000  -4.248419189453   0.216468036175 -10.180222486038 -10.828195022687 -11.192556277479 -11.481482122290 -11.791915192430 -12.073223624242 -12.302231831172 -12.545146592383 -12.949420989802 -13.291484881369 -13.567775119470
          1       22.000   2.563348388672   0.041565179825  -0.275189673871  -1.619854079480  -2.345415492332  -2.920911849248  -3.557210653337  -4.159870995440  -4.658240562864  -5.197391922611  -6.128456193734  -6.964843983466  -7.692551138083
          1       23.000   4.295465087891   0.000000000000   4.292457664239   1.879404894458   0.249158535975  -0.330233319229  -0.776355697772  -1.226695371114  -1.599659469554  -2.008841482703  -2.737874615570  -3.425430864341  -4.056168209051
          1       24.000   2.739526367188   0.000000000000   2.738237015439   1.619710444838   0.849114942984   0.061235680860  -0.274837058458  -0.617463670613  -0.898349272708  -1.207442332512  -1.763495704419  -2.296001099110  -2.792182369311
          1       25.000  -0.924536132812   0.000000000000  -0.922464774943  -0.034469906964  -0.000742369629  -0.169922748356  -0.377686689894  -0.608772242037  -0.811683953385  -1.042649301172  -1.470386578917  -1.889645618126  -2.286205522484
          1       26.000  -8.009680175781   0.056453935802  -5.493267520035  -5.141569577125  -4.951122820617  -4.804765223548  -4.650937841916  -4.514943594196  -4.411342100787  -4.310168338363  -4.168067962744  -4.084405396861  -4.054473384085
          1       27.000 -17.822943115234   0.123034060001 -10.789970656925 -10.208460716131  -9.877645283870  -9.612748775801  -9.324494045600  -9.058539885744  -8.838799437678  -8.602039230080  -8.197743414900  -7.842544055243  -7.542958526434
          1       28.000 -23.137548828125   0.176729902625 -16.747539212557 -15.932018263675 -15.458471838900 -15.072314099471 -14.645970898283 -14.247810408852 -13.912201715784 -13.542920686918 -12.890282311037 -12.287518557532 -11.749746939789
          1       29.000 -28.284689331055   0.232332825661 -20.550697609556 -19.757042612880 -19.289942359180 -18.904238055894 -18.473496351040 -18.066989214068 -17.719894646345 -17.332924521907 -16.634816172127 -15.971817417418 -15.363163606657
          1       30.000 -27.768576049805   0.265149503946 -21.423475301205 -20.867551994502 -20.534193462895 -20.254325900521 -19.936365098283 -19.630963660065 -19.365629912734 -19.064710877392 -18.507736790388 -17.961175028561 -17.443436738641
          1       31.000 -24.972372436523   0.298619389534 -20.876585975687 -20.508802933644 -20.285007801084 -20.094791510795 -19.875870541641 -19.662762327969 -19.475320664333 -19.260207605095 -18.855084798137 -18.448875203205 -18.056190000280
          1       32.000 -16.019964599609   0.308518975973 -17.121842186450 -17.170539105170 -17.187978319975 -17.194306574825 -17.191658754269 -17.179187488623 -17.160300059452 -17.130057858678 -17.050150490358 -16.942653274006 -16.815066767952
          1       33.000  -4.378027343750   0.199729129672  -9.644709839312 -10.353603491506 -10.746159221522 -11.054131642241 -11.381886119834 -11.676227934406 -11.913809341106 -12.163918152792 -12.576075118714 -12.921057184352 -13.197324838310
          1       34.000   2.281091308594   0.049524895847  -0.523620860394  -1.839047108926  -2.542539384434  -3.097396397439  -3.707767384298  -4.282904475203  -4.756988477756  -5.268677675346  -6.150314179582  -6.941073349049  -7.628764395257
          1       35.000   4.274957275391   0.000000000000   4.271816857380   1.763517713633   0.080028817019  -0.367171133843  -0.814351670884  -1.263283275264  -1.633738149340  -2.038975410676  -2.758361911523  -3.434244048404  -4.052393378659
          1       36.000   2.951165771484   0.000000000000   2.949772997958   1.754083293814   0.932076579062   0.092644028887  -0.258155273181  -0.602738940462  -0.883025510584  -1.190422593088  -1.741782250760  -2.268422262208  -2.758183871407
