   1.0000000000000000     
  -1.0271667480471258     
  -1.0271400153748853     
  -1.0271136006076780     
  -1.0270875037472531     
  -1.0270617247953602     
  -1.0270362637537489     
  -1.0270111206241688     
  -1.0269862954083693     
  -1.0269617881080997     
  -1.0269375987251097     
  -1.0269137272611488     
  -1.0268901737179668     
  -1.0268669380973132     
  -1.0268440204009379     
  -1.0268214206305903     
  -1.0267991387880202     
  -1.0267771748749774     
  -1.0267555288932120     
  -1.0267342008444735     
  -1.0267131907305120     
  -1.0266924985530779     
  -1.0266721243139207     
  -1.0266520680147908     
  -1.0266323296574384     
  -1.0266129092436138     
  -1.0265938067750673     
  -1.0265750222535492     
  -1.0265565556808103     
  -1.0265384070586012     
  -1.0265312366363564     
  -1.0265241170865886     
  -1.0265170484094099     
  -1.0265135331480835     
  -1.0265100306049464     
 -0.52073830106222230     
 -0.26819991709326363     
 -0.11673312666371032     
  -6.6248072563228552E-002
  -6.4167761144043572E-002
  -6.2084843183783676E-002
  -6.0005498388717195E-002
  -5.3781518949665229E-002
  -4.3479635785328340E-002
  -2.3150395006647000E-002
  -1.9331574715069208E-003
  -1.2432930553925680E-004
  -1.1696099591059734E-004
  -1.1130551920999622E-004
  -1.0755231819290551E-004
  -1.0196487366622101E-004
  -1.0012069786519416E-004
  -9.6463537450758066E-005
  -9.2858439860068505E-005
  -1.3639772734816021E-003
  -2.2789992216585075E-002
  -7.1218716037849683E-002
 -0.12076633937637021     
 -0.17068434712502228     
 -0.22079963736718614     
 -0.27104611673153023     
 -0.32139118628591518     
 -0.37181584641603038     
 -0.42770216812727069     
 -0.48382543235225939     
 -0.54027314866335285     
 -0.59692473336851681     
 -0.65369571758351008     
 -0.71052505834054713     
 -0.79569929211767665     
 -0.82413314335434462     
 -0.88090784657661936     
 -0.93761467452704506     
  -1.0224569072767329     
  -1.0507255704706320     
  -1.1071442346149978     
  -1.1634470432932509     
  -1.2196270671158409     
  -1.2756785838133780     
  -1.3315968303858599     
  -1.3873778106846384     
  -1.4430181447665757     
  -1.4985149500688482     
  -1.5538657470585417     
  -1.6090683838705635     
  -1.6641209757927808     
  -1.7190218564430020     
  -1.7737695382126455     
  -1.8555804979294104     
  -1.8827864724191408     
  -1.9370670204718523     
  -1.9911896472727437     
  -2.0377260097367049     
  -2.0841598666358241     
  -2.1304950068795709     
  -2.2458547217452107     
  -2.3605739428361181     
  -2.4062915524513087     
  -2.5879917887803683     
  -2.7006857556708246     
  -2.8126727803396596     
  -2.9239381717829493     
  -3.0344678359429285     
  -3.1442482211696481     
  -3.2532662751572272     
  -3.3615094107048202     
  -3.4689654783068473     
  -3.5756227440585642     
  -3.6814698717204539     
  -3.7864959080522924     
  -3.8906902707291939     
  -3.9940427383047812     
  -4.0965434418031705     
  -4.1981828576109859     
  -4.2989518014095633     
  -4.4978163936818651     
  -4.6931003511749330     
  -4.8847416013299778     
  -5.0726831743929086     
  -5.2568731081990174     
  -5.4372643635088487     
  -5.6138147455386616     
  -5.7864868286240378     
  -5.9552478818372743     
  -6.1200697939941886     
  -6.2809289969249331     
  -6.4378063862039276     
  -6.5906872387732616     
  -6.7395611270757811     
  -6.8844218294549488     
  -7.0252672366889897     
  -7.1620992546148337     
  -7.2949237028677469     
  -7.4237502098197030     
  -7.5485921038459534     
  -7.6694663010870876     
  -7.7863931899049170     
  -7.8993965122556737     
  -8.0085032422245259     
  -8.1137434619817377     
  -8.2151502354338000     
  -8.3127594798526765     
  -8.4066098357737307     
  -8.5831511465384853     
  -8.8207581767405046     
  -9.0889138639390534     
  -9.2559093431579189     
  -9.4729332533497299     
  -9.6213809342356438     
  -9.7095107347651037     
  -9.7538795493042478     
  -9.7518695749325133     
  -9.7138377477140843     
  -9.6479006637872384     
  -9.5612150024323448     
  -9.4599143525397569     
  -9.3491064390485565     
  -9.2329172171742382     
  -9.1145686372182624     
  -8.9964780480404301     
  -8.8803688900842044     
  -8.6575240601480576     
  -8.4506747134229911     
  -8.2589190354793427     
  -8.0792857572069288     
  -7.9082654913644088     
  -7.7426807154947053     
  -7.5800755872214003     
  -7.4187966691454887     
  -7.0973872801062114     
  -6.4396885845547214     
  -5.8563699397889728     
  -4.7918133772146838     
  -4.4074014618284947     
  -4.1644840339236362     
  -4.0492234169977550     
  -4.0202454628096529     
