          1        6.500  -12.325    0.154  -11.430  -11.710  -11.852  -11.913  -11.935  -11.960  -11.976  -11.991  -12.009  -12.017  -12.016    0.261    -7777.000    -7777.000
          1       18.500  -12.348    0.148  -10.017  -10.165  -10.290  -10.348  -10.349  -10.356  -10.360  -10.361  -10.360  -10.356  -10.350    0.281       14.000        2.000
          1       30.500  -11.818    0.143   -9.739   -9.858   -9.988  -10.044  -10.053  -10.066  -10.074  -10.079  -10.083  -10.083  -10.079    0.281       26.000        2.000
          1       42.500  -12.061    0.157   -9.606   -9.775   -9.898   -9.942   -9.940   -9.942   -9.940   -9.936   -9.926   -9.913   -9.900    0.281    -7777.000    -7777.000
          1       54.500  -11.585    0.144   -9.527   -9.638   -9.746   -9.808   -9.823   -9.833   -9.838   -9.840   -9.841   -9.837   -9.831    0.301       50.000        2.000
          1       66.500  -12.017    0.166   -9.504   -9.667   -9.753   -9.770   -9.761   -9.758   -9.752   -9.744   -9.726   -9.707   -9.690    0.261    -7777.000    -7777.000
          1       78.500  -12.030    0.158   -9.691   -9.850   -9.970  -10.005  -10.000  -10.001   -9.999   -9.994   -9.979   -9.961   -9.942    0.281       74.000        2.000
          1       90.500  -12.104    0.147   -9.753   -9.930  -10.067  -10.125  -10.141  -10.145  -10.145  -10.141  -10.130  -10.115  -10.097    0.301       86.000        2.000
          1      102.500  -11.830    0.158   -9.431   -9.529   -9.640   -9.668   -9.675   -9.687   -9.694   -9.698   -9.700   -9.697   -9.690    0.261       98.000        2.000
          1      114.500  -11.913    0.145   -9.685   -9.821   -9.935   -9.982   -9.978   -9.981   -9.981   -9.978   -9.969   -9.956   -9.941    0.281      110.000        2.000
          1      126.500  -12.274    0.147   -9.969  -10.123  -10.250  -10.302  -10.314  -10.319  -10.319  -10.315  -10.303  -10.285  -10.265    0.301      122.000        2.000
          1      138.500  -12.249    0.153  -10.066  -10.139  -10.232  -10.263  -10.258  -10.260  -10.259  -10.255  -10.243  -10.228  -10.211    0.281      134.000        2.000
          1      150.500  -11.807    0.145   -9.767   -9.921  -10.036  -10.067  -10.052  -10.047  -10.048  -10.051  -10.052  -10.050  -10.044    0.281    -7777.000    -7777.000
          1      162.500  -11.551    0.139   -9.476   -9.601   -9.718   -9.776   -9.792   -9.802   -9.807   -9.810   -9.811   -9.808   -9.802    0.301      158.000        2.000
          1      174.500  -11.654    0.156   -9.379   -9.557   -9.633   -9.673   -9.671   -9.674   -9.674   -9.671   -9.662   -9.651   -9.639    0.262    -7777.000    -7777.000
          1      186.500  -11.628    0.149   -9.488   -9.597   -9.717   -9.774   -9.777   -9.786   -9.790   -9.793   -9.791   -9.786   -9.778    0.281      182.000        2.000
          1      198.500  -11.917    0.141   -9.841   -9.937  -10.027  -10.079  -10.085  -10.096  -10.100  -10.103  -10.100  -10.092  -10.079    0.281    -7777.000    -7777.000
          1      210.500  -11.564    0.145   -9.262   -9.428   -9.549   -9.612   -9.618   -9.628   -9.633   -9.636   -9.637   -9.635   -9.630    0.281      206.000        2.000
          1      222.500  -11.873    0.145   -9.632   -9.749   -9.870   -9.915   -9.917   -9.923   -9.923   -9.921   -9.912   -9.899   -9.884    0.281      218.000        2.000
          1      234.500  -11.599    0.153   -9.347   -9.506   -9.623   -9.674   -9.681   -9.685   -9.684   -9.682   -9.674   -9.664   -9.653    0.301    -7777.000    -7777.000
          1      246.500  -11.710    0.153   -9.422   -9.584   -9.706   -9.753   -9.764   -9.769   -9.769   -9.767   -9.758   -9.746   -9.734    0.301      242.000        2.000
          1      258.500  -11.507    0.152   -9.337   -9.431   -9.543   -9.599   -9.615   -9.626   -9.631   -9.634   -9.635   -9.632   -9.627    0.301      254.000        2.000
          1      270.500  -10.980    0.141   -8.952   -9.100   -9.219   -9.331   -9.378   -9.394   -9.402   -9.408   -9.415   -9.417   -9.416    0.341      266.000        2.000
          1      282.500  -11.125    0.140   -9.187   -9.256   -9.350   -9.378   -9.373   -9.379   -9.381   -9.381   -9.379   -9.374   -9.367    0.281      278.000        2.000
          1      294.500  -11.005    0.158   -8.662   -8.850   -8.981   -9.079   -9.114   -9.127   -9.134   -9.138   -9.142   -9.143   -9.142    0.321    -7777.000    -7777.000
          1      306.500  -10.624    0.152   -8.531   -8.691   -8.804   -8.846   -8.851   -8.855   -8.856   -8.856   -8.855   -8.855   -8.857    0.301    -7777.000    -7777.000
          1      318.500  -11.075    0.142   -8.962   -9.081   -9.192   -9.236   -9.245   -9.249   -9.250   -9.248   -9.241   -9.233   -9.223    0.301      314.000        2.000
          1      330.500  -11.075    0.148   -9.013   -9.107   -9.224   -9.307   -9.334   -9.342   -9.345   -9.345   -9.341   -9.334   -9.325    0.321      326.000        2.000
          1      342.500  -11.478    0.141   -9.226   -9.362   -9.474   -9.498   -9.497   -9.495   -9.491   -9.483   -9.468   -9.453   -9.439    0.301    -7777.000    -7777.000
          1      354.500  -11.460    0.141   -9.197   -9.364   -9.480   -9.539   -9.550   -9.552   -9.551   -9.549   -9.541   -9.532   -9.523    0.301    -7777.000    -7777.000
          1      366.500  -11.267    0.151   -9.124   -9.229   -9.351   -9.405   -9.419   -9.426   -9.429   -9.429   -9.424   -9.416   -9.407    0.301      362.000        2.000
          1      378.500  -10.939    0.146   -8.874   -9.003   -9.109   -9.159   -9.169   -9.174   -9.176   -9.177   -9.177   -9.176   -9.175    0.301    -7777.000    -7777.000
          1      390.500  -10.860    0.151   -8.615   -8.773   -8.886   -8.963   -8.985   -8.989   -8.989   -8.988   -8.984   -8.979   -8.976    0.321      386.000        2.000
          1      402.500  -10.557    0.149   -8.288   -8.464   -8.580   -8.671   -8.709   -8.716   -8.718   -8.720   -8.726   -8.733   -8.740    0.341    -7777.000    -7777.000
          1      414.500  -10.532    0.154   -8.143   -8.315   -8.437   -8.515   -8.548   -8.553   -8.555   -8.557   -8.564   -8.571   -8.578    0.341    -7777.000    -7777.000
          1      426.500  -10.447    0.132   -8.335   -8.517   -8.624   -8.716   -8.745   -8.747   -8.746   -8.745   -8.747   -8.751   -8.756    0.341    -7777.000    -7777.000
          1      438.500  -10.210    0.139   -7.961   -8.131   -8.250   -8.332   -8.351   -8.358   -8.367   -8.380   -8.404   -8.422   -8.436    0.321    -7777.000    -7777.000
          1      450.500   -9.795    0.147   -7.737   -7.920   -8.053   -8.142   -8.181   -8.191   -8.198   -8.207   -8.226   -8.244   -8.258    0.341    -7777.000    -7777.000
          1      462.500   -9.706    0.151   -7.387   -7.543   -7.657   -7.787   -7.847   -7.879   -7.899   -7.917   -7.942   -7.961   -7.974    0.341    -7777.000    -7777.000
          1      474.500   -9.784    0.134   -7.464   -7.676   -7.774   -7.914   -7.981   -8.016   -8.032   -8.047   -8.066   -8.079   -8.087    0.370    -7777.000    -7777.000
          1      486.500   -9.693    0.145   -7.397   -7.531   -7.630   -7.727   -7.775   -7.798   -7.811   -7.822   -7.837   -7.846   -7.852    0.341      483.000        3.000
          1      498.500  -10.077    0.144   -7.656   -7.827   -7.922   -8.035   -8.083   -8.103   -8.113   -8.121   -8.129   -8.132   -8.131    0.341    -7777.000    -7777.000
          1      510.500   -9.873    0.151   -7.469   -7.611   -7.720   -7.830   -7.877   -7.902   -7.918   -7.933   -7.951   -7.962   -7.968    0.341    -7777.000    -7777.000
          1      522.500   -9.995    0.148   -7.706   -7.865   -7.991   -8.081   -8.119   -8.137   -8.150   -8.163   -8.177   -8.184   -8.186    0.341    -7777.000    -7777.000
          1      534.500   -9.372    0.146   -7.132   -7.348   -7.469   -7.610   -7.690   -7.730   -7.748   -7.765   -7.789   -7.807   -7.819    0.382      531.000        3.000
          1      546.500   -9.288    0.143   -6.945   -7.139   -7.267   -7.402   -7.483   -7.517   -7.531   -7.544   -7.560   -7.571   -7.579    0.382      543.000        3.000
          1      558.500   -9.516    0.145   -7.181   -7.341   -7.468   -7.578   -7.649   -7.670   -7.680   -7.688   -7.696   -7.699   -7.699    0.363      555.000        3.000
          1      570.500   -9.904    0.152   -7.509   -7.645   -7.750   -7.860   -7.922   -7.945   -7.957   -7.965   -7.974   -7.977   -7.975    0.363    -7777.000    -7777.000
          1      582.500   -9.448    0.142   -7.142   -7.333   -7.442   -7.562   -7.632   -7.662   -7.678   -7.692   -7.711   -7.725   -7.733    0.363      579.000        3.000
          1      594.500   -9.284    0.146   -7.055   -7.217   -7.332   -7.466   -7.540   -7.579   -7.597   -7.612   -7.632   -7.645   -7.654    0.382      591.000        3.000
          1      606.500   -9.011    0.145   -6.627   -6.821   -6.953   -7.107   -7.183   -7.223   -7.237   -7.248   -7.263   -7.275   -7.286    0.402      603.000        3.000
          1      618.500   -9.195    0.126   -6.914   -7.196   -7.304   -7.451   -7.555   -7.601   -7.616   -7.627   -7.637   -7.639   -7.637    0.422      615.000        3.000
          1      630.500   -8.872    0.142   -6.534   -6.717   -6.842   -6.973   -7.038   -7.062   -7.073   -7.083   -7.096   -7.108   -7.119    0.382      627.000        3.000
          1      642.500   -8.991    0.133   -6.683   -6.914   -7.032   -7.183   -7.263   -7.306   -7.321   -7.332   -7.344   -7.351   -7.354    0.403      639.000        3.000
          1      654.500   -8.872    0.156   -6.302   -6.490   -6.643   -6.784   -6.859   -6.892   -6.901   -6.909   -6.921   -6.933   -6.946    0.384      651.000        3.000
          1      666.500   -8.505    0.147   -6.175   -6.400   -6.538   -6.690   -6.776   -6.817   -6.829   -6.837   -6.849   -6.861   -6.874    0.422      663.000        3.000
          1      678.500   -8.568    0.149   -6.189   -6.386   -6.510   -6.660   -6.752   -6.793   -6.806   -6.813   -6.822   -6.830   -6.838    0.425      675.000        3.000
          1      690.500   -8.678    0.142   -6.240   -6.469   -6.584   -6.722   -6.810   -6.850   -6.862   -6.868   -6.876   -6.881   -6.887    0.424      687.000        3.000
          1      702.500   -8.212    0.147   -5.790   -5.998   -6.141   -6.303   -6.378   -6.421   -6.434   -6.446   -6.470   -6.495   -6.517    0.422    -7777.000    -7777.000
          1      714.500   -8.498    0.139   -6.061   -6.328   -6.446   -6.591   -6.684   -6.725   -6.735   -6.740   -6.743   -6.747   -6.751    0.423      711.000        3.000
          1      726.500   -8.010    0.141   -5.683   -5.981   -6.111   -6.268   -6.396   -6.450   -6.475   -6.488   -6.504   -6.517   -6.529    0.462      723.000        3.000
          1      738.500   -7.662    0.133   -5.355   -5.622   -5.761   -5.918   -6.044   -6.092   -6.124   -6.144   -6.179   -6.211   -6.237    0.463    -7777.000    -7777.000
          1      750.500   -7.708    0.138   -5.179   -5.521   -5.657   -5.807   -5.929   -5.975   -6.001   -6.015   -6.042   -6.069   -6.092    0.462    -7777.000    -7777.000
          1      762.500   -7.651    0.138   -5.329   -5.588   -5.722   -5.871   -5.989   -6.029   -6.060   -6.083   -6.117   -6.142   -6.159    0.462    -7777.000    -7777.000
          1      774.500   -8.253    0.145   -5.858   -6.020   -6.162   -6.320   -6.392   -6.427   -6.435   -6.438   -6.445   -6.454   -6.462    0.423    -7777.000    -7777.000
          1      786.500   -8.110    0.129   -5.776   -6.098   -6.235   -6.390   -6.523   -6.573   -6.602   -6.611   -6.618   -6.624   -6.630    0.483      783.000        3.000
          1      798.500   -7.756    0.131   -5.522   -5.771   -5.904   -6.051   -6.170   -6.212   -6.232   -6.245   -6.269   -6.293   -6.313    0.443    -7777.000    -7777.000
          1      810.500   -7.332    0.138   -4.988   -5.323   -5.470   -5.635   -5.799   -5.854   -5.900   -5.925   -5.955   -5.984   -6.010    0.513    -7777.000    -7777.000
          1      822.500   -7.561    0.138   -4.959   -5.264   -5.387   -5.529   -5.656   -5.714   -5.754   -5.778   -5.807   -5.825   -5.838    0.483      820.000        4.000
          1      834.500   -7.596    0.138   -5.198   -5.438   -5.566   -5.708   -5.819   -5.856   -5.889   -5.911   -5.942   -5.962   -5.976    0.462    -7777.000    -7777.000
          1      846.500   -7.484    0.149   -5.048   -5.250   -5.397   -5.564   -5.661   -5.730   -5.772   -5.795   -5.822   -5.840   -5.852    0.462    -7777.000    -7777.000
          1      858.500   -7.400    0.132   -5.058   -5.343   -5.494   -5.662   -5.769   -5.814   -5.849   -5.872   -5.906   -5.930   -5.946    0.463    -7777.000    -7777.000
          1      870.500   -7.523    0.126   -5.570   -5.779   -5.917   -6.072   -6.173   -6.207   -6.221   -6.223   -6.224   -6.230   -6.237    0.455    -7777.000    -7777.000
          1      882.500   -7.270    0.142   -5.041   -5.286   -5.426   -5.581   -5.705   -5.752   -5.789   -5.813   -5.851   -5.879   -5.900    0.463    -7777.000    -7777.000
          1      894.500   -7.094    0.129   -4.693   -5.040   -5.184   -5.345   -5.499   -5.571   -5.633   -5.666   -5.700   -5.722   -5.738    0.496      892.000        4.000
          1      906.500   -6.581    0.137   -4.196   -4.509   -4.645   -4.799   -4.973   -5.037   -5.091   -5.129   -5.166   -5.192   -5.215    0.522    -7777.000    -7777.000
          1      918.500   -6.583    0.137   -4.219   -4.525   -4.665   -4.821   -4.989   -5.056   -5.111   -5.154   -5.187   -5.208   -5.223    0.523      916.000        4.000
          1      930.500   -6.860    0.135   -4.514   -4.826   -4.958   -5.111   -5.242   -5.299   -5.349   -5.380   -5.405   -5.416   -5.422    0.511      928.000        4.000
          1      942.500   -6.206    0.130   -4.013   -4.381   -4.522   -4.681   -4.871   -4.949   -5.009   -5.067   -5.105   -5.128   -5.145    0.547      940.000        4.000
          1      954.500   -6.379    0.128   -4.071   -4.404   -4.534   -4.683   -4.840   -4.899   -4.947   -4.982   -5.013   -5.028   -5.040    0.523    -7777.000    -7777.000
          1      966.500   -6.320    0.134   -4.033   -4.370   -4.500   -4.648   -4.810   -4.873   -4.926   -4.970   -5.000   -5.018   -5.031    0.542      964.000        4.000
          1      978.500   -6.148    0.137   -3.691   -4.028   -4.163   -4.316   -4.488   -4.549   -4.598   -4.639   -4.672   -4.694   -4.713    0.525    -7777.000    -7777.000
          1      990.500   -5.788    0.132   -3.412   -3.790   -3.930   -4.096   -4.291   -4.364   -4.411   -4.467   -4.501   -4.526   -4.553    0.565    -7777.000    -7777.000
          1     1002.500   -6.107    0.127   -3.733   -4.071   -4.192   -4.327   -4.512   -4.577   -4.614   -4.649   -4.671   -4.680   -4.691    0.563    -7777.000    -7777.000
          1     1014.500   -5.846    0.134   -3.597   -3.911   -4.056   -4.219   -4.402   -4.463   -4.511   -4.558   -4.588   -4.605   -4.619    0.563    -7777.000    -7777.000
          1     1026.500   -5.464    0.135   -3.061   -3.424   -3.573   -3.737   -3.935   -4.024   -4.070   -4.126   -4.174   -4.206   -4.239    0.602    -7777.000    -7777.000
          1     1038.500   -5.516    0.127   -3.219   -3.573   -3.700   -3.855   -4.048   -4.112   -4.149   -4.191   -4.222   -4.245   -4.272    0.567    -7777.000    -7777.000
          1     1050.500   -5.173    0.130   -2.905   -3.235   -3.372   -3.549   -3.755   -3.842   -3.885   -3.937   -3.998   -4.041   -4.080    0.604    -7777.000    -7777.000
          1     1062.500   -5.352    0.118   -3.173   -3.490   -3.616   -3.757   -3.931   -3.997   -4.027   -4.062   -4.093   -4.127   -4.156    0.575    -7777.000    -7777.000
          1     1074.500   -5.205    0.129   -2.934   -3.320   -3.474   -3.637   -3.838   -3.926   -3.968   -4.016   -4.065   -4.095   -4.124    0.603    -7777.000    -7777.000
          1     1086.500   -5.299    0.126   -2.911   -3.269   -3.398   -3.554   -3.744   -3.821   -3.859   -3.905   -3.960   -4.003   -4.035    0.594    -7777.000    -7777.000
          1     1098.500   -4.762    0.131   -2.474   -2.850   -3.008   -3.180   -3.382   -3.484   -3.531   -3.591   -3.690   -3.743   -3.779    0.623    -7777.000    -7777.000
          1     1110.500   -4.823    0.125   -2.481   -2.838   -2.980   -3.142   -3.333   -3.422   -3.458   -3.509   -3.604   -3.652   -3.681    0.623    -7777.000    -7777.000
          1     1122.500   -4.673    0.128   -2.398   -2.781   -2.926   -3.097   -3.294   -3.398   -3.440   -3.488   -3.590   -3.639   -3.670    0.643    -7777.000    -7777.000
          1     1134.500   -4.502    0.131   -2.171   -2.525   -2.676   -2.846   -3.040   -3.133   -3.173   -3.239   -3.340   -3.386   -3.415    0.642    -7777.000    -7777.000
          1     1146.500   -4.460    0.126   -2.153   -2.526   -2.675   -2.844   -3.035   -3.130   -3.169   -3.228   -3.331   -3.377   -3.403    0.644    -7777.000    -7777.000
          1     1158.500   -3.867    0.116   -1.556   -1.915   -2.181   -2.354   -2.542   -2.643   -2.734   -2.812   -2.944   -3.000   -3.032    0.703     1157.000        5.000
          1     1170.500   -3.904    0.113   -1.662   -2.034   -2.237   -2.393   -2.572   -2.663   -2.729   -2.790   -2.896   -2.944   -2.968    0.702     1169.000        5.000
          1     1182.500   -3.861    0.119   -1.509   -1.855   -2.115   -2.294   -2.475   -2.567   -2.657   -2.728   -2.843   -2.892   -2.915    0.722     1181.000        5.000
          1     1194.500   -4.051    0.125   -1.527   -1.849   -2.097   -2.266   -2.436   -2.522   -2.593   -2.658   -2.757   -2.806   -2.830    0.685     1193.000        5.000
          1     1206.500   -3.822    0.122   -1.644   -1.989   -2.135   -2.304   -2.497   -2.598   -2.640   -2.703   -2.805   -2.848   -2.868    0.682     1205.000        5.000
          1     1218.500   -3.553    0.121   -1.417   -1.781   -1.950   -2.118   -2.309   -2.407   -2.476   -2.545   -2.660   -2.709   -2.734    0.701     1217.000        5.000
          1     1230.500   -3.526    0.112   -1.383   -1.702   -1.912   -2.071   -2.252   -2.344   -2.430   -2.493   -2.596   -2.639   -2.663    0.704     1229.000        5.000
          1     1242.500   -3.141    0.119   -0.831   -1.187   -1.462   -1.626   -1.811   -1.907   -2.019   -2.102   -2.227   -2.296   -2.341    0.742     1241.000        5.000
          1     1254.500   -3.461    0.119   -0.990   -1.336   -1.602   -1.783   -1.966   -2.058   -2.158   -2.238   -2.349   -2.410   -2.445    0.746     1253.000        5.000
          1     1266.500   -3.197    0.118   -0.939   -1.292   -1.504   -1.665   -1.848   -1.939   -2.034   -2.095   -2.191   -2.251   -2.298    0.725     1265.000        5.000
          1     1278.500   -3.044    0.106   -0.946   -1.270   -1.516   -1.709   -1.890   -1.981   -2.063   -2.146   -2.264   -2.326   -2.352    0.744     1277.000        5.000
          1     1290.500   -3.018    0.114   -0.764   -1.109   -1.379   -1.555   -1.730   -1.815   -1.912   -2.000   -2.104   -2.176   -2.220    0.764     1289.000        5.000
          1     1302.500   -3.003    0.116   -0.655   -1.011   -1.288   -1.447   -1.628   -1.720   -1.823   -1.894   -1.993   -2.074   -2.126    0.762     1301.000        5.000
          1     1314.500   -3.001    0.119   -0.738   -1.085   -1.315   -1.473   -1.653   -1.744   -1.849   -1.922   -2.020   -2.096   -2.143    0.762     1313.000        5.000
          1     1326.500   -2.472    0.101   -0.358   -0.693   -0.954   -1.208   -1.393   -1.490   -1.596   -1.710   -1.827   -1.946   -2.000    0.805     1325.000        5.000
          1     1338.500   -2.393    0.107   -0.174   -0.501   -0.759   -0.970   -1.146   -1.260   -1.358   -1.452   -1.560   -1.676   -1.732    0.805     1337.000        5.000
          1     1350.500   -2.180    0.114    0.193   -0.167   -0.429   -0.635   -0.822   -0.937   -1.034   -1.136   -1.260   -1.374   -1.433    0.822     1350.000        6.000
          1     1362.500   -2.435    0.105   -0.171   -0.485   -0.735   -0.948   -1.114   -1.209   -1.299   -1.394   -1.488   -1.593   -1.639    0.806     1362.000        6.000
          1     1374.500   -2.282    0.116    0.082   -0.248   -0.509   -0.721   -0.897   -1.007   -1.105   -1.201   -1.313   -1.424   -1.474    0.822     1374.000        6.000
          1     1386.500   -1.917    0.108    0.332   -0.004   -0.260   -0.508   -0.687   -0.795   -0.887   -0.992   -1.123   -1.245   -1.301    0.845     1386.000        6.000
          1     1398.500   -2.166    0.096   -0.029   -0.333   -0.572   -0.839   -1.008   -1.107   -1.199   -1.302   -1.400   -1.509   -1.557    0.842     1398.000        6.000
          1     1410.500   -2.116    0.106    0.183   -0.145   -0.395   -0.653   -0.829   -0.934   -1.023   -1.124   -1.254   -1.379   -1.430    0.864     1410.000        6.000
          1     1422.500   -1.459    0.101    0.696    0.363    0.118   -0.150   -0.390   -0.505   -0.600   -0.709   -0.873   -1.006   -1.088    0.907     1422.000        6.000
          1     1434.500   -1.688    0.104    0.609    0.322    0.087   -0.177   -0.375   -0.469   -0.552   -0.645   -0.788   -0.899   -0.976    0.922     1434.000        6.000
          1     1446.500   -1.066    0.092    0.939    0.612    0.370    0.102   -0.122   -0.228   -0.316   -0.414   -0.575   -0.686   -0.786    0.929     1447.000        7.000
          1     1458.500   -1.573    0.097    0.647    0.331    0.098   -0.161   -0.344   -0.445   -0.528   -0.623   -0.747   -0.846   -0.907    0.893    -7777.000    -7777.000
          1     1470.500   -1.423    0.098    0.724    0.403    0.160   -0.111   -0.295   -0.401   -0.490   -0.589   -0.730   -0.840   -0.915    0.922     1470.000        6.000
          1     1482.500   -1.136    0.097    0.856    0.552    0.321    0.063   -0.154   -0.254   -0.337   -0.430   -0.585   -0.689   -0.780    0.926     1483.000        7.000
          1     1494.500   -0.754    0.096    1.299    0.974    0.738    0.470    0.208    0.106    0.021   -0.081   -0.282   -0.410   -0.529    0.964     1495.000        7.000
          1     1506.500   -0.871    0.094    1.188    0.862    0.620    0.352    0.125    0.019   -0.068   -0.166   -0.339   -0.446   -0.549    0.962     1507.000        7.000
          1     1518.500   -0.718    0.089    1.162    0.845    0.609    0.345    0.131    0.033   -0.047   -0.137   -0.300   -0.397   -0.498    0.962    -7777.000    -7777.000
          1     1530.500   -0.695    0.101    1.387    1.059    0.818    0.551    0.330    0.235    0.155    0.052   -0.133   -0.251   -0.362    0.982    -7777.000    -7777.000
          1     1542.500   -0.680    0.101    1.432    1.112    0.873    0.603    0.382    0.290    0.213    0.115   -0.068   -0.180   -0.285    1.004    -7777.000    -7777.000
          1     1554.500   -0.690    0.096    1.436    1.100    0.855    0.579    0.347    0.257    0.182    0.085   -0.108   -0.214   -0.318    1.004    -7777.000    -7777.000
          1     1566.500   -0.555    0.108    1.623    1.304    1.070    0.789    0.556    0.467    0.392    0.288    0.088   -0.036   -0.159    1.054    -7777.000    -7777.000
          1     1578.500   -0.355    0.091    1.621    1.314    1.091    0.830    0.551    0.461    0.387    0.292    0.095   -0.029   -0.140    1.055    -7777.000    -7777.000
          1     1590.500    0.056    0.093    1.890    1.563    1.329    1.053    0.769    0.682    0.602    0.502    0.313    0.150    0.032    1.124     1592.000        8.000
          1     1602.500    0.126    0.095    1.962    1.645    1.418    1.151    0.875    0.788    0.708    0.610    0.425    0.256    0.146    1.129     1604.000        8.000
          1     1614.500    0.207    0.090    1.941    1.655    1.446    1.199    0.921    0.806    0.736    0.646    0.482    0.303    0.208    1.205     1615.000        7.000
