          1        6.500  -12.325    0.154  -11.430  -11.710  -11.852  -11.913  -11.935  -11.960  -11.976  -11.991  -12.009  -12.017  -12.016    0.261    -7777.000    -7777.000
          1       18.500  -12.348    0.148  -10.017  -10.165  -10.290  -10.348  -10.349  -10.356  -10.360  -10.361  -10.360  -10.356  -10.350    0.281       14.000        2.000
          1       30.500  -11.818    0.143   -9.739   -9.858   -9.988  -10.044  -10.053  -10.066  -10.074  -10.079  -10.083  -10.083  -10.079    0.281       26.000        2.000
          1       42.500  -12.061    0.157   -9.606   -9.775   -9.898   -9.942   -9.940   -9.942   -9.940   -9.936   -9.926   -9.913   -9.900    0.281    -7777.000    -7777.000
          1       54.500  -11.585    0.144   -9.527   -9.638   -9.746   -9.808   -9.823   -9.833   -9.838   -9.840   -9.841   -9.837   -9.831    0.301       50.000        2.000
          1       66.500  -12.017    0.166   -9.504   -9.667   -9.753   -9.770   -9.761   -9.758   -9.752   -9.744   -9.726   -9.707   -9.690    0.261    -7777.000    -7777.000
          1       78.500  -12.030    0.158   -9.691   -9.850   -9.970  -10.005  -10.000  -10.001   -9.999   -9.994   -9.979   -9.961   -9.942    0.281       74.000        2.000
          1       90.500  -12.104    0.147   -9.753   -9.930  -10.067  -10.125  -10.141  -10.145  -10.145  -10.141  -10.130  -10.115  -10.097    0.301       86.000        2.000
          1      102.500  -11.830    0.158   -9.431   -9.529   -9.640   -9.668   -9.675   -9.687   -9.694   -9.698   -9.700   -9.697   -9.690    0.261       98.000        2.000
          1      114.500  -11.913    0.145   -9.685   -9.821   -9.935   -9.982   -9.978   -9.981   -9.981   -9.978   -9.969   -9.956   -9.941    0.281      110.000        2.000
          1      126.500  -12.274    0.147   -9.969  -10.123  -10.250  -10.302  -10.314  -10.319  -10.319  -10.315  -10.303  -10.285  -10.265    0.301      122.000        2.000
          1      138.500  -12.249    0.153  -10.066  -10.139  -10.232  -10.263  -10.258  -10.260  -10.259  -10.255  -10.243  -10.228  -10.211    0.281      134.000        2.000
          1      150.500  -11.807    0.145   -9.767   -9.921  -10.036  -10.067  -10.052  -10.047  -10.048  -10.051  -10.052  -10.050  -10.044    0.281    -7777.000    -7777.000
          1      162.500  -11.551    0.139   -9.476   -9.601   -9.718   -9.776   -9.792   -9.802   -9.807   -9.810   -9.811   -9.808   -9.802    0.301      158.000        2.000
          1      174.500  -11.654    0.156   -9.379   -9.557   -9.633   -9.673   -9.671   -9.674   -9.674   -9.671   -9.662   -9.651   -9.639    0.262    -7777.000    -7777.000
          1      186.500  -11.628    0.149   -9.488   -9.597   -9.717   -9.774   -9.777   -9.786   -9.790   -9.793   -9.791   -9.786   -9.778    0.281      182.000        2.000
          1      198.500  -11.917    0.141   -9.841   -9.937  -10.027  -10.079  -10.085  -10.096  -10.100  -10.103  -10.100  -10.092  -10.079    0.281    -7777.000    -7777.000
          1      210.500  -11.564    0.145   -9.262   -9.428   -9.549   -9.612   -9.618   -9.628   -9.633   -9.636   -9.637   -9.635   -9.630    0.281      206.000        2.000
          1      222.500  -11.873    0.145   -9.632   -9.749   -9.870   -9.915   -9.917   -9.923   -9.923   -9.921   -9.912   -9.899   -9.884    0.281      218.000        2.000
          1      234.500  -11.599    0.153   -9.347   -9.506   -9.623   -9.674   -9.681   -9.685   -9.684   -9.682   -9.674   -9.664   -9.653    0.301    -7777.000    -7777.000
          1      246.500  -11.710    0.153   -9.422   -9.584   -9.706   -9.753   -9.764   -9.769   -9.769   -9.767   -9.758   -9.746   -9.734    0.301      242.000        2.000
          1      258.500  -11.507    0.152   -9.337   -9.431   -9.543   -9.599   -9.615   -9.626   -9.631   -9.634   -9.635   -9.632   -9.627    0.301      254.000        2.000
          1      270.500  -10.980    0.141   -8.952   -9.100   -9.219   -9.331   -9.378   -9.394   -9.402   -9.408   -9.415   -9.417   -9.416    0.341      266.000        2.000
          1      282.500  -11.125    0.140   -9.187   -9.256   -9.350   -9.378   -9.373   -9.379   -9.381   -9.381   -9.379   -9.374   -9.367    0.281      278.000        2.000
          1      294.500  -11.005    0.158   -8.662   -8.850   -8.981   -9.079   -9.114   -9.127   -9.134   -9.138   -9.142   -9.143   -9.142    0.321    -7777.000    -7777.000
          1      306.500  -10.624    0.152   -8.530   -8.691   -8.804   -8.846   -8.851   -8.855   -8.856   -8.856   -8.855   -8.855   -8.857    0.301    -7777.000    -7777.000
          1      318.500  -11.075    0.142   -8.962   -9.081   -9.192   -9.236   -9.245   -9.249   -9.250   -9.248   -9.242   -9.233   -9.223    0.301      314.000        2.000
          1      330.500  -11.075    0.148   -9.013   -9.108   -9.225   -9.308   -9.336   -9.344   -9.346   -9.346   -9.343   -9.336   -9.327    0.321      326.000        2.000
          1      342.500  -11.478    0.141   -9.229   -9.358   -9.465   -9.499   -9.499   -9.498   -9.493   -9.486   -9.471   -9.456   -9.442    0.301    -7777.000    -7777.000
          1      354.500  -11.460    0.141   -9.198   -9.365   -9.481   -9.540   -9.550   -9.553   -9.552   -9.550   -9.542   -9.533   -9.524    0.301    -7777.000    -7777.000
          1      366.500  -11.267    0.151   -9.124   -9.229   -9.351   -9.406   -9.419   -9.427   -9.429   -9.429   -9.424   -9.416   -9.407    0.301      362.000        2.000
          1      378.500  -10.939    0.146   -8.874   -9.003   -9.109   -9.159   -9.169   -9.174   -9.176   -9.177   -9.177   -9.176   -9.175    0.301    -7777.000    -7777.000
          1      390.500  -10.860    0.151   -8.593   -8.750   -8.861   -8.937   -8.958   -8.961   -8.961   -8.959   -8.956   -8.952   -8.950    0.321    -7777.000    -7777.000
          1      402.500  -10.557    0.149   -8.287   -8.463   -8.579   -8.670   -8.707   -8.714   -8.716   -8.719   -8.724   -8.731   -8.737    0.341    -7777.000    -7777.000
          1      414.500  -10.532    0.154   -8.143   -8.314   -8.436   -8.514   -8.547   -8.552   -8.554   -8.557   -8.563   -8.570   -8.577    0.341    -7777.000    -7777.000
          1      426.500  -10.447    0.132   -8.336   -8.518   -8.625   -8.719   -8.748   -8.750   -8.749   -8.748   -8.749   -8.753   -8.757    0.341    -7777.000    -7777.000
          1      438.500  -10.210    0.139   -7.962   -8.132   -8.251   -8.333   -8.352   -8.359   -8.368   -8.380   -8.404   -8.423   -8.436    0.321    -7777.000    -7777.000
          1      450.500   -9.795    0.147   -7.736   -7.919   -8.052   -8.141   -8.180   -8.190   -8.197   -8.206   -8.225   -8.243   -8.257    0.341    -7777.000    -7777.000
          1      462.500   -9.706    0.151   -7.387   -7.543   -7.657   -7.787   -7.847   -7.879   -7.899   -7.917   -7.942   -7.960   -7.974    0.341    -7777.000    -7777.000
          1      474.500   -9.784    0.134   -7.462   -7.673   -7.771   -7.910   -7.978   -8.013   -8.029   -8.044   -8.063   -8.076   -8.084    0.382    -7777.000    -7777.000
          1      486.500   -9.693    0.145   -7.396   -7.529   -7.627   -7.724   -7.772   -7.794   -7.807   -7.818   -7.833   -7.842   -7.848    0.341      483.000        3.000
          1      498.500  -10.077    0.144   -7.655   -7.826   -7.921   -8.034   -8.083   -8.103   -8.113   -8.120   -8.129   -8.131   -8.131    0.341    -7777.000    -7777.000
          1      510.500   -9.873    0.151   -7.491   -7.647   -7.766   -7.862   -7.900   -7.919   -7.934   -7.948   -7.967   -7.978   -7.985    0.341    -7777.000    -7777.000
          1      522.500   -9.995    0.148   -7.708   -7.868   -7.994   -8.085   -8.122   -8.139   -8.153   -8.165   -8.180   -8.187   -8.188    0.341    -7777.000    -7777.000
          1      534.500   -9.372    0.146   -7.129   -7.338   -7.454   -7.599   -7.679   -7.722   -7.741   -7.758   -7.783   -7.800   -7.813    0.382      531.000        3.000
          1      546.500   -9.288    0.143   -6.937   -7.132   -7.261   -7.394   -7.474   -7.506   -7.520   -7.532   -7.547   -7.558   -7.566    0.382      543.000        3.000
          1      558.500   -9.516    0.145   -7.181   -7.341   -7.468   -7.577   -7.649   -7.670   -7.680   -7.688   -7.696   -7.698   -7.699    0.363      555.000        3.000
          1      570.500   -9.904    0.152   -7.513   -7.650   -7.755   -7.864   -7.926   -7.950   -7.961   -7.970   -7.979   -7.982   -7.981    0.363    -7777.000    -7777.000
          1      582.500   -9.448    0.142   -7.142   -7.332   -7.440   -7.561   -7.631   -7.661   -7.677   -7.691   -7.711   -7.724   -7.733    0.363      579.000        3.000
          1      594.500   -9.284    0.146   -7.054   -7.217   -7.332   -7.466   -7.540   -7.579   -7.597   -7.612   -7.632   -7.645   -7.654    0.382      591.000        3.000
          1      606.500   -9.011    0.145   -6.628   -6.821   -6.953   -7.107   -7.183   -7.223   -7.237   -7.248   -7.263   -7.275   -7.286    0.402      603.000        3.000
          1      618.500   -9.195    0.126   -6.914   -7.195   -7.303   -7.450   -7.555   -7.600   -7.616   -7.627   -7.637   -7.639   -7.637    0.422      615.000        3.000
          1      630.500   -8.872    0.142   -6.531   -6.722   -6.853   -6.978   -7.042   -7.064   -7.074   -7.083   -7.096   -7.108   -7.118    0.368      627.000        3.000
          1      642.500   -8.991    0.133   -6.688   -6.922   -7.043   -7.197   -7.271   -7.315   -7.329   -7.341   -7.353   -7.360   -7.364    0.403      639.000        3.000
          1      654.500   -8.872    0.156   -6.296   -6.483   -6.635   -6.776   -6.851   -6.883   -6.892   -6.900   -6.912   -6.925   -6.939    0.385      651.000        3.000
          1      666.500   -8.505    0.147   -6.190   -6.416   -6.557   -6.714   -6.793   -6.835   -6.847   -6.855   -6.867   -6.878   -6.890    0.422      663.000        3.000
          1      678.500   -8.568    0.149   -6.187   -6.384   -6.508   -6.658   -6.751   -6.791   -6.804   -6.811   -6.820   -6.828   -6.837    0.425      675.000        3.000
          1      690.500   -8.678    0.142   -6.232   -6.461   -6.575   -6.712   -6.800   -6.839   -6.850   -6.857   -6.864   -6.870   -6.876    0.424      687.000        3.000
          1      702.500   -8.212    0.147   -5.797   -6.003   -6.146   -6.308   -6.384   -6.426   -6.439   -6.451   -6.474   -6.498   -6.520    0.416    -7777.000    -7777.000
          1      714.500   -8.498    0.139   -6.074   -6.344   -6.463   -6.609   -6.704   -6.746   -6.756   -6.761   -6.765   -6.768   -6.771    0.423      711.000        3.000
          1      726.500   -8.010    0.141   -5.683   -5.987   -6.119   -6.275   -6.397   -6.450   -6.476   -6.488   -6.504   -6.517   -6.530    0.462      723.000        3.000
          1      738.500   -7.662    0.133   -5.352   -5.618   -5.758   -5.914   -6.040   -6.088   -6.120   -6.140   -6.177   -6.209   -6.234    0.463    -7777.000    -7777.000
          1      750.500   -7.708    0.138   -5.181   -5.524   -5.660   -5.810   -5.933   -5.979   -6.004   -6.019   -6.045   -6.072   -6.095    0.462    -7777.000    -7777.000
          1      762.500   -7.651    0.138   -5.353   -5.609   -5.739   -5.886   -6.003   -6.041   -6.070   -6.091   -6.125   -6.150   -6.167    0.462    -7777.000    -7777.000
          1      774.500   -8.253    0.145   -5.859   -6.022   -6.165   -6.328   -6.394   -6.429   -6.436   -6.439   -6.446   -6.456   -6.463    0.423    -7777.000    -7777.000
          1      786.500   -8.110    0.129   -5.780   -6.102   -6.239   -6.395   -6.529   -6.579   -6.609   -6.617   -6.625   -6.630   -6.636    0.483      783.000        3.000
          1      798.500   -7.756    0.131   -5.524   -5.771   -5.902   -6.048   -6.166   -6.208   -6.228   -6.241   -6.267   -6.291   -6.311    0.443    -7777.000    -7777.000
          1      810.500   -7.332    0.138   -4.988   -5.323   -5.470   -5.635   -5.799   -5.854   -5.900   -5.925   -5.955   -5.984   -6.010    0.513    -7777.000    -7777.000
          1      822.500   -7.561    0.138   -4.956   -5.261   -5.385   -5.527   -5.654   -5.711   -5.752   -5.776   -5.804   -5.822   -5.835    0.483      820.000        4.000
          1      834.500   -7.596    0.138   -5.202   -5.447   -5.578   -5.728   -5.828   -5.865   -5.895   -5.916   -5.946   -5.967   -5.981    0.462    -7777.000    -7777.000
          1      846.500   -7.484    0.149   -5.062   -5.263   -5.407   -5.564   -5.679   -5.748   -5.792   -5.815   -5.843   -5.861   -5.873    0.462    -7777.000    -7777.000
          1      858.500   -7.400    0.132   -5.058   -5.343   -5.494   -5.662   -5.768   -5.813   -5.849   -5.872   -5.906   -5.930   -5.947    0.463    -7777.000    -7777.000
          1      870.500   -7.523    0.126   -5.562   -5.772   -5.908   -6.063   -6.163   -6.196   -6.210   -6.211   -6.212   -6.221   -6.229    0.454    -7777.000    -7777.000
          1      882.500   -7.270    0.142   -5.040   -5.285   -5.424   -5.579   -5.703   -5.750   -5.787   -5.812   -5.849   -5.877   -5.898    0.463    -7777.000    -7777.000
          1      894.500   -7.094    0.129   -4.694   -5.038   -5.179   -5.335   -5.493   -5.566   -5.629   -5.662   -5.697   -5.719   -5.735    0.511      892.000        4.000
          1      906.500   -6.581    0.137   -4.192   -4.505   -4.641   -4.792   -4.966   -5.029   -5.083   -5.121   -5.156   -5.183   -5.205    0.522    -7777.000    -7777.000
          1      918.500   -6.583    0.137   -4.219   -4.524   -4.663   -4.819   -4.987   -5.054   -5.109   -5.152   -5.185   -5.206   -5.221    0.523      916.000        4.000
          1      930.500   -6.860    0.135   -4.514   -4.826   -4.958   -5.110   -5.241   -5.299   -5.349   -5.380   -5.405   -5.416   -5.422    0.511      928.000        4.000
          1      942.500   -6.206    0.130   -4.012   -4.380   -4.520   -4.680   -4.871   -4.950   -5.010   -5.069   -5.107   -5.130   -5.147    0.547      940.000        4.000
          1      954.500   -6.379    0.128   -4.064   -4.398   -4.529   -4.679   -4.835   -4.894   -4.942   -4.978   -5.009   -5.025   -5.037    0.523    -7777.000    -7777.000
          1      966.500   -6.320    0.134   -4.033   -4.370   -4.500   -4.648   -4.810   -4.873   -4.926   -4.970   -5.000   -5.018   -5.031    0.542      964.000        4.000
          1      978.500   -6.148    0.137   -3.692   -4.028   -4.164   -4.316   -4.489   -4.550   -4.599   -4.640   -4.674   -4.695   -4.714    0.525    -7777.000    -7777.000
          1      990.500   -5.788    0.132   -3.415   -3.793   -3.935   -4.099   -4.294   -4.367   -4.414   -4.470   -4.504   -4.529   -4.555    0.565    -7777.000    -7777.000
          1     1002.500   -6.107    0.127   -3.735   -4.074   -4.195   -4.330   -4.515   -4.581   -4.619   -4.655   -4.678   -4.688   -4.698    0.563    -7777.000    -7777.000
          1     1014.500   -5.846    0.134   -3.582   -3.888   -4.029   -4.192   -4.376   -4.437   -4.484   -4.533   -4.565   -4.583   -4.598    0.563    -7777.000    -7777.000
          1     1026.500   -5.464    0.135   -3.058   -3.420   -3.566   -3.729   -3.927   -4.016   -4.062   -4.118   -4.166   -4.197   -4.231    0.602    -7777.000    -7777.000
          1     1038.500   -5.516    0.127   -3.219   -3.572   -3.700   -3.854   -4.047   -4.111   -4.149   -4.191   -4.221   -4.244   -4.271    0.567    -7777.000    -7777.000
          1     1050.500   -5.173    0.130   -2.905   -3.236   -3.373   -3.550   -3.757   -3.843   -3.887   -3.939   -3.999   -4.042   -4.081    0.604    -7777.000    -7777.000
          1     1062.500   -5.352    0.118   -3.174   -3.490   -3.617   -3.758   -3.931   -3.998   -4.028   -4.063   -4.093   -4.127   -4.156    0.575    -7777.000    -7777.000
          1     1074.500   -5.205    0.129   -2.934   -3.320   -3.474   -3.637   -3.838   -3.925   -3.967   -4.016   -4.065   -4.095   -4.124    0.603    -7777.000    -7777.000
          1     1086.500   -5.299    0.126   -2.912   -3.270   -3.398   -3.555   -3.745   -3.821   -3.859   -3.905   -3.960   -4.004   -4.035    0.594    -7777.000    -7777.000
          1     1098.500   -4.762    0.131   -2.474   -2.850   -3.008   -3.180   -3.382   -3.484   -3.531   -3.591   -3.690   -3.742   -3.779    0.623    -7777.000    -7777.000
          1     1110.500   -4.823    0.125   -2.481   -2.837   -2.980   -3.142   -3.333   -3.422   -3.458   -3.509   -3.604   -3.652   -3.681    0.623    -7777.000    -7777.000
          1     1122.500   -4.673    0.128   -2.371   -2.750   -2.893   -3.061   -3.257   -3.359   -3.400   -3.453   -3.559   -3.607   -3.637    0.643    -7777.000    -7777.000
          1     1134.500   -4.502    0.131   -2.169   -2.523   -2.674   -2.844   -3.037   -3.130   -3.170   -3.237   -3.338   -3.384   -3.412    0.642    -7777.000    -7777.000
          1     1146.500   -4.460    0.126   -2.163   -2.535   -2.685   -2.854   -3.044   -3.138   -3.175   -3.233   -3.336   -3.382   -3.407    0.644    -7777.000    -7777.000
          1     1158.500   -3.867    0.116   -1.555   -1.914   -2.180   -2.353   -2.541   -2.642   -2.733   -2.811   -2.943   -3.000   -3.032    0.703     1157.000        5.000
          1     1170.500   -3.904    0.113   -1.677   -2.050   -2.253   -2.409   -2.589   -2.681   -2.747   -2.807   -2.914   -2.963   -2.986    0.702     1169.000        5.000
          1     1182.500   -3.861    0.119   -1.510   -1.857   -2.117   -2.298   -2.480   -2.573   -2.662   -2.732   -2.846   -2.895   -2.917    0.711     1181.000        5.000
          1     1194.500   -4.051    0.125   -1.536   -1.872   -2.130   -2.280   -2.451   -2.536   -2.607   -2.671   -2.768   -2.817   -2.840    0.683     1193.000        5.000
          1     1206.500   -3.822    0.122   -1.656   -1.999   -2.143   -2.312   -2.504   -2.603   -2.655   -2.718   -2.822   -2.867   -2.887    0.682     1205.000        5.000
          1     1218.500   -3.553    0.121   -1.412   -1.778   -1.947   -2.115   -2.306   -2.404   -2.473   -2.543   -2.658   -2.707   -2.732    0.701     1217.000        5.000
          1     1230.500   -3.526    0.112   -1.380   -1.699   -1.909   -2.068   -2.250   -2.341   -2.428   -2.491   -2.594   -2.637   -2.661    0.704     1229.000        5.000
          1     1242.500   -3.141    0.119   -0.827   -1.184   -1.463   -1.628   -1.814   -1.911   -2.023   -2.102   -2.227   -2.296   -2.340    0.742     1241.000        5.000
          1     1254.500   -3.461    0.119   -1.009   -1.370   -1.643   -1.803   -1.984   -2.074   -2.174   -2.250   -2.360   -2.418   -2.452    0.743     1253.000        5.000
          1     1266.500   -3.197    0.118   -0.937   -1.280   -1.504   -1.668   -1.854   -1.947   -2.042   -2.102   -2.198   -2.259   -2.306    0.724     1265.000        5.000
          1     1278.500   -3.044    0.106   -0.950   -1.273   -1.520   -1.713   -1.894   -1.986   -2.068   -2.151   -2.270   -2.332   -2.358    0.744     1277.000        5.000
          1     1290.500   -3.018    0.114   -0.767   -1.112   -1.382   -1.558   -1.733   -1.818   -1.915   -2.003   -2.108   -2.179   -2.223    0.764     1289.000        5.000
          1     1302.500   -3.003    0.116   -0.654   -1.010   -1.286   -1.445   -1.626   -1.718   -1.821   -1.893   -1.992   -2.074   -2.125    0.762     1301.000        5.000
          1     1314.500   -3.001    0.119   -0.740   -1.086   -1.317   -1.475   -1.655   -1.745   -1.850   -1.923   -2.022   -2.097   -2.145    0.762     1313.000        5.000
          1     1326.500   -2.472    0.101   -0.355   -0.701   -0.970   -1.211   -1.399   -1.498   -1.607   -1.714   -1.827   -1.945   -1.999    0.803     1325.000        5.000
          1     1338.500   -2.393    0.107   -0.175   -0.504   -0.762   -0.972   -1.149   -1.264   -1.362   -1.456   -1.565   -1.682   -1.738    0.805     1337.000        5.000
          1     1350.500   -2.180    0.114    0.188   -0.171   -0.432   -0.638   -0.825   -0.940   -1.037   -1.139   -1.262   -1.377   -1.436    0.822     1350.000        6.000
          1     1362.500   -2.435    0.105   -0.172   -0.472   -0.712   -0.946   -1.112   -1.209   -1.299   -1.394   -1.488   -1.593   -1.640    0.806     1362.000        6.000
          1     1374.500   -2.282    0.116    0.073   -0.269   -0.534   -0.733   -0.910   -1.017   -1.115   -1.208   -1.319   -1.428   -1.476    0.806     1374.000        6.000
          1     1386.500   -1.917    0.108    0.324   -0.015   -0.273   -0.523   -0.703   -0.812   -0.905   -1.011   -1.142   -1.265   -1.320    0.844     1386.000        6.000
          1     1398.500   -2.166    0.096   -0.026   -0.330   -0.568   -0.834   -1.003   -1.103   -1.194   -1.297   -1.395   -1.505   -1.553    0.842     1398.000        6.000
          1     1410.500   -2.116    0.106    0.173   -0.156   -0.405   -0.669   -0.847   -0.954   -1.044   -1.147   -1.274   -1.397   -1.447    0.863     1410.000        6.000
          1     1422.500   -1.459    0.101    0.688    0.353    0.107   -0.163   -0.402   -0.518   -0.615   -0.725   -0.892   -1.027   -1.111    0.906     1422.000        6.000
          1     1434.500   -1.688    0.104    0.616    0.329    0.096   -0.167   -0.364   -0.460   -0.542   -0.635   -0.780   -0.891   -0.969    0.922     1434.000        6.000
          1     1446.500   -1.066    0.092    0.915    0.589    0.347    0.081   -0.140   -0.245   -0.332   -0.430   -0.590   -0.702   -0.797    0.923     1446.000        6.000
          1     1458.500   -1.573    0.097    0.642    0.319    0.079   -0.169   -0.352   -0.453   -0.537   -0.632   -0.759   -0.860   -0.921    0.893    -7777.000    -7777.000
          1     1470.500   -1.423    0.098    0.719    0.387    0.138   -0.138   -0.311   -0.418   -0.506   -0.605   -0.744   -0.856   -0.931    0.906     1470.000        6.000
          1     1482.500   -1.136    0.097    0.854    0.546    0.312    0.050   -0.155   -0.254   -0.336   -0.429   -0.587   -0.692   -0.784    0.931     1483.000        7.000
          1     1494.500   -0.754    0.096    1.299    0.975    0.739    0.471    0.210    0.108    0.023   -0.078   -0.278   -0.405   -0.523    0.964     1495.000        7.000
          1     1506.500   -0.871    0.094    1.198    0.871    0.629    0.359    0.146    0.044   -0.041   -0.136   -0.318   -0.425   -0.534    0.982     1507.000        7.000
          1     1518.500   -0.718    0.089    1.168    0.853    0.618    0.353    0.143    0.047   -0.032   -0.121   -0.287   -0.384   -0.483    0.962    -7777.000    -7777.000
          1     1530.500   -0.695    0.101    1.384    1.053    0.809    0.539    0.314    0.217    0.135    0.030   -0.149   -0.269   -0.380    0.982    -7777.000    -7777.000
          1     1542.500   -0.680    0.101    1.431    1.108    0.868    0.595    0.373    0.280    0.202    0.102   -0.079   -0.191   -0.296    1.004    -7777.000    -7777.000
          1     1554.500   -0.690    0.096    1.432    1.094    0.848    0.567    0.337    0.246    0.171    0.075   -0.116   -0.219   -0.323    1.004    -7777.000    -7777.000
          1     1566.500   -0.555    0.108    1.626    1.305    1.071    0.791    0.550    0.459    0.382    0.275    0.077   -0.044   -0.164    1.039    -7777.000    -7777.000
          1     1578.500   -0.355    0.091    1.619    1.312    1.089    0.828    0.548    0.457    0.384    0.288    0.092   -0.036   -0.149    1.055    -7777.000    -7777.000
          1     1590.500    0.056    0.093    1.891    1.565    1.331    1.057    0.773    0.686    0.606    0.506    0.317    0.153    0.034    1.126     1592.000        8.000
          1     1602.500    0.126    0.095    1.958    1.639    1.410    1.143    0.866    0.779    0.698    0.599    0.414    0.245    0.135    1.127     1604.000        8.000
          1     1614.500    0.207    0.090    1.942    1.652    1.441    1.192    0.912    0.799    0.728    0.637    0.472    0.291    0.189    1.204     1615.000        7.000
