   1.0000000000000000     
   9.6008239746089998     
   9.6007844303798784     
   9.6007448861512152     
   9.6007053419234616     
   9.6006657976970722     
   9.6006262534725071     
   9.6005867092502175     
   9.6005471650306635     
   9.6005076208142963     
   9.6004680766015742     
   9.6004285323929519     
   9.6003889881888842     
   9.6003494439898258     
   9.6003098997962333     
   9.6002703556085596     
   9.6002308114272594     
   9.6001912672527911     
   9.6001517230856095     
   9.6001121789261710     
   9.6000726347749286     
   9.6000330906323370     
   9.5999935464988546     
   9.5999540023749343     
   9.5999144582610327     
   9.5998749141576063     
   9.5998353700651080     
   9.5997958259839962     
   9.5997562819147237     
   9.5997167378577473     
   9.5997009202385275     
   9.5996851026213754     
   9.5996692850063230     
   9.5996613761995935     
   9.5996534673934022     
   9.5996455585877509     
   9.5996416041851287     
   9.5996392315436214     
   9.5996384406631279     
   9.5996376497826397     
   9.5921054547140656     
   9.5845732605560272     
   9.5619766882649557     
   9.5243158155882561     
   9.4489946695039446     
   9.3736751090621766     
   9.2983579208369260     
   9.2230438913376567     
   8.9971254737366788     
   8.8465447142117917     
   8.6207326399037711     
   8.5454824105535998     
   8.3950149989978229     
   8.2445979240128793     
   7.9529779084112633     
   7.8558290197248155     
   7.6616230117833357     
   7.4675529310785151     
   7.2736323188794687     
   7.0798746865329614     
   6.8862935120764526     
   6.6929022366249891     
   6.4997142604910190     
   6.3702161505255308     
   6.2408694240611569     
   6.1116800494018033     
   5.9826539693804053     
   5.8537970995549484     
   5.7251153262321770     
   5.5324319501080197     
   5.4682989932490820     
   5.3401774978784893     
   5.2122543057310509     
   5.0207520292665553     
   4.9570241745841725     
   4.8297299192580345     
   4.7026564899415453     
   4.5758093824257910     
   4.4491940294294743     
   4.3228157952517661     
   4.1966799699526804     
   4.0707917630302308     
   3.9451562965637836     
   3.8197785977936838     
   3.6946635911083190     
   3.5698160894114435     
   3.4452407848448594     
   3.3209422388444771     
   3.1350216298452760     
   3.0731918548010553     
   2.9497494685064161     
   2.8266005591530567     
   2.7219170699437742     
   2.6175189185515726     
   2.5134087666872880     
   2.2544041175970859     
   1.9972470859454934     
   1.8949078665697299     
   1.4885521959930472     
   1.2370237595973519     
  0.98735948638180471     
  0.73952832013460612     
  0.49348279612718182     
  0.24915811153863662     
   6.4711978727893214E-003
  -5.5497946001457965E-002
  -8.6971168991561806E-002
 -0.10863678803280997     
 -0.12506373907499169     
 -0.13828220454287105     
 -0.14940631093632722     
 -0.15912194722031431     
 -0.16788300654586186     
 -0.17600414004217665     
 -0.18370976217142038     
 -0.19835806258908570     
 -0.21279532649867214     
 -0.22742445334556460     
 -0.24242160250495609     
 -0.25783457475401816     
 -0.27364231579469545     
 -0.28979071173664500     
 -0.30621345046380832     
 -0.32284354474374594     
 -0.33961916784932894     
 -0.35648615044312326     
 -0.37339860922812534     
 -0.39031859954713444     
 -0.40721531498968949     
 -0.42406412852915110     
 -0.44084563222736911     
 -0.45754475219820279     
 -0.47414997009244653     
 -0.49065265777677702     
 -0.50704651943732548     
 -0.52332712979122842     
 -0.53949155532031257     
 -0.55553804563505782     
 -0.57146578319997188     
 -0.58727468113076875     
 -0.60296522030536515     
 -0.61853831846454999     
 -0.63399522525011587     
 -0.66455469945722645     
 -0.70955066488882867     
 -0.76806628664898402     
 -0.81094228295181991     
 -0.88055178775183385     
 -0.94807941015334440     
  -1.0136959438206246     
  -1.0862804626355631     
  -1.1579893367505865     
  -1.2291232774338039     
  -1.2996915258100774     
  -1.3697023113574107     
  -1.4391630023537645     
  -1.5080802379888214     
  -1.5764600445765118     
  -1.6443079375254501     
  -1.7116290102774852     
  -1.7784280111901929     
  -1.9104734884439079     
  -2.0404818270412828     
  -2.1684839595919394     
  -2.2945094091528526     
  -2.4185867680081166     
  -2.5407439158887128     
  -2.6610080746774338     
  -2.7794057760379531     
  -3.0106813740008116     
  -3.4633403255314463     
  -3.8680904604780846     
  -4.8321651785322750     
  -5.1853951241995810     
  -5.4140398612166738     
  -5.5417421631235246     
  -5.5827265681930767     
