1620
1 0.0109812887385488
2 0.0668525770306587
3 0.140835538506508
4 0.18773153424263
5 0.236412584781647
6 0.278858751058578
7 0.315248966217041
8 0.327946692705154
9 0.223500937223434
10 0.0541214495897293
11 0
12 0
13 0.013427403755486
14 0.0622519925236702
15 0.140468612313271
16 0.198029324412346
17 0.242895320057869
18 0.26877623796463
19 0.291705399751663
20 0.30423629283905
21 0.216468036174774
22 0.0415651798248291
23 0
24 0
25 0
26 0.0564539358019829
27 0.123034060001373
28 0.176729902625084
29 0.232332825660706
30 0.265149503946304
31 0.298619389533997
32 0.308518975973129
33 0.19972912967205
34 0.0495248958468437
35 0
36 0
37 0.0159104205667973
38 0.067800834774971
39 0.137665659189224
40 0.196831852197647
41 0.246956527233124
42 0.301577568054199
43 0.324246019124985
44 0.320068538188934
45 0.22798977792263
46 0.0503412410616875
47 0
48 0
49 0
50 0.0573577918112278
51 0.130066022276878
52 0.190591365098953
53 0.226503819227219
54 0.271804869174957
55 0.296116769313812
56 0.307951241731644
57 0.20630356669426
58 0.0392043925821781
59 0
60 0
61 0.0164434723556042
62 0.0790171325206757
63 0.150721177458763
64 0.204847916960716
65 0.247505575418472
66 0.288372486829758
67 0.331835061311722
68 0.346809446811676
69 0.256235063076019
70 0.0665278732776642
71 0
72 0
73 0.0102946860715747
74 0.0590283498167992
75 0.133313432335854
76 0.200482785701752
77 0.246808812022209
78 0.28366893529892
79 0.319864362478256
80 0.335599839687347
81 0.249421715736389
82 0.0612749345600605
83 0
84 0
85 0.0121980076655746
86 0.0669016242027283
87 0.134349197149277
88 0.183531627058983
89 0.231634631752968
90 0.268670260906219
91 0.288956701755524
92 0.306191504001617
93 0.228126749396324
94 0.0488185584545135
95 0
96 0
97 0
98 0.0725937336683273
99 0.158476412296295
100 0.212321013212204
101 0.253733903169632
102 0.291257798671722
103 0.317996919155121
104 0.323906391859055
105 0.213835582137108
106 0.0570330545306206
107 0
108 0
109 0.0140608232468367
110 0.0577017329633236
111 0.123412579298019
112 0.181749880313873
113 0.232771426439285
114 0.275245666503906
115 0.296871930360794
116 0.309075146913528
117 0.201101183891296
118 0.0475424230098724
119 0
120 0
121 0.0103595340624452
122 0.0594905503094196
123 0.12416872382164
124 0.183655455708504
125 0.224536061286926
126 0.265251398086548
127 0.306609034538269
128 0.31313019990921
129 0.226690888404846
130 0.0518119558691978
131 0
132 0
133 0
134 0.058842159807682
135 0.134470030665398
136 0.193445548415184
137 0.246504083275795
138 0.279308527708054
139 0.31664827466011
140 0.324391633272171
141 0.21706148982048
142 0.0626555159687996
143 0
144 0
145 0
146 0.0541311018168926
147 0.133582159876823
148 0.18710894882679
149 0.237334206700325
150 0.271690279245377
151 0.302412867546082
152 0.309003949165344
153 0.190095379948616
154 0.053432285785675
155 0
156 0
157 0
158 0.0499342195689678
159 0.115024775266647
160 0.180140271782875
161 0.226241379976273
162 0.262204617261887
163 0.284819751977921
164 0.293606162071228
165 0.215938299894333
166 0.0391742847859859
167 0
168 0
169 0.013075458817184
170 0.0672693252563477
171 0.140021115541458
172 0.200369149446487
173 0.241521462798119
174 0.280067712068558
175 0.306399166584015
176 0.316459447145462
177 0.218012377619743
178 0.0709879696369171
179 0.0175791066139936
180 0
181 0
182 0.0531042367219925
183 0.128972783684731
184 0.19246718287468
185 0.254997879266739
186 0.28437465429306
187 0.305811822414398
188 0.319029033184052
189 0.209141731262207
190 0.0377093032002449
191 0
192 0
193 0
194 0.0516411326825619
195 0.124350719153881
196 0.170770078897476
197 0.224974900484085
198 0.269956707954407
199 0.300014466047287
200 0.303616881370544
201 0.199252739548683
202 0.0467428863048553
203 0
204 0
205 0.0138512095436454
206 0.0658687949180603
207 0.137202337384224
208 0.200106143951416
209 0.236716732382774
210 0.263575702905655
211 0.291604548692703
212 0.299193948507309
213 0.192712545394897
214 0.036590937525034
215 0
216 0
217 0
218 0.0544616617262363
219 0.121616780757904
220 0.180963099002838
221 0.237400159239769
222 0.279561668634415
223 0.310115694999695
224 0.314715325832367
225 0.195232570171356
226 0.0476640276610851
227 0
228 0
229 0.0102021433413029
230 0.0595365315675735
231 0.132766261696815
232 0.194043651223183
233 0.240843534469604
234 0.286054939031601
235 0.309774577617645
236 0.319301277399063
237 0.228197649121284
238 0.05256637185812
239 0
240 0
241 0.0135961612686515
242 0.065798819065094
243 0.130469083786011
244 0.183822467923164
245 0.241410911083221
246 0.28104442358017
247 0.305196583271027
248 0.312507897615433
249 0.238778948783875
250 0.0612243264913559
251 0
252 0
253 0
254 0.0688482820987701
255 0.140548661351204
256 0.200902849435806
257 0.23708301782608
258 0.274662137031555
259 0.310296207666397
260 0.328473806381226
261 0.214825510978699
262 0.0427784509956837
263 0
264 0
265 0
266 0.0519943051040173
267 0.131281957030296
268 0.184009194374084
269 0.231070309877396
270 0.261442482471466
271 0.298706471920013
272 0.307789862155914
273 0.199544414877892
274 0.0256234239786863
275 0
276 0
277 0
278 0.052228506654501
279 0.105777367949486
280 0.174631506204605
281 0.222420945763588
282 0.25909212231636
283 0.291672855615616
284 0.301616042852402
285 0.217410013079643
286 0.041851244866848
287 0.0100188758224249
288 0
289 0.0140480203554034
290 0.0681092217564583
291 0.138222217559814
292 0.201474294066429
293 0.26085752248764
294 0.29568612575531
295 0.323013871908188
296 0.329750001430511
297 0.22156423330307
298 0.0486686043441296
299 0
300 0
301 0
302 0.0527916513383389
303 0.127733215689659
304 0.186998814344406
305 0.241227656602859
306 0.28748744726181
307 0.314440071582794
308 0.329871416091919
309 0.226678878068924
310 0.059994775801897
311 0
312 0
313 0
314 0.0528256371617317
315 0.125312626361847
316 0.184757441282272
317 0.238630801439285
318 0.266980230808258
319 0.289898723363876
320 0.304009675979614
321 0.192898958921432
322 0.0452077314257622
323 0
324 0
325 0
326 0.0580383762717247
327 0.125367820262909
328 0.187883928418159
329 0.23863460123539
330 0.279084384441376
331 0.311821192502975
332 0.319981217384338
333 0.205971762537956
334 0.0433243699371815
335 0
336 0
337 0
338 0.0515034385025501
339 0.124304734170437
340 0.180199414491653
341 0.225805938243866
342 0.260822385549545
343 0.292032182216644
344 0.300419360399246
345 0.204544201493263
346 0.0542994700372219
347 0
348 0
349 0.0106651829555631
350 0.0544592179358006
351 0.125744491815567
352 0.180101498961449
353 0.226822808384895
354 0.271444588899612
355 0.29645961523056
356 0.302627593278885
357 0.185989543795586
358 0.0370920263230801
359 0
360 0
361 0
362 0.0621950328350067
363 0.133258253335953
364 0.190190032124519
365 0.243876338005066
366 0.282252490520477
367 0.30887508392334
368 0.324028015136719
369 0.217318192124367
370 0.0556502155959606
371 0
372 0
373 0
374 0.0514314509928226
375 0.132836759090424
376 0.189327105879784
377 0.231203660368919
378 0.267724990844727
379 0.312325268983841
380 0.311660319566727
381 0.210469752550125
382 0.0409529879689217
383 0
384 0
385 0.0103296656161547
386 0.0739420726895332
387 0.145702958106995
388 0.196299895644188
389 0.240683823823929
390 0.27561354637146
391 0.302412420511246
392 0.319552063941956
393 0.214919462800026
394 0.0377224162220955
395 0
396 0
397 0
398 0.0526510179042816
399 0.125460013747215
400 0.190790504217148
401 0.25145298242569
402 0.281827121973038
403 0.312227368354797
404 0.315568149089813
405 0.220877647399902
406 0.0334101542830467
407 0
408 0
409 0.0106143727898598
410 0.059056494385004
411 0.141217589378357
412 0.208292752504349
413 0.250413328409195
414 0.282488495111465
415 0.301601052284241
416 0.318423092365265
417 0.220550239086151
418 0.0518269501626492
419 0
420 0
421 0.0109653836116195
422 0.0407977141439915
423 0.107495822012424
424 0.165406763553619
425 0.218149825930595
426 0.254290968179703
427 0.295311689376831
428 0.296599924564362
429 0.168060436844826
430 0.0318705663084984
431 0
432 0
433 0
434 0.0467584244906902
435 0.123716242611408
436 0.18766961991787
437 0.230849876999855
438 0.268478751182556
439 0.288004636764526
440 0.307108074426651
441 0.179562896490097
442 0.0372622907161713
443 0
444 0
445 0
446 0.0421050973236561
447 0.117135837674141
448 0.177618727087975
449 0.227470219135284
450 0.273620843887329
451 0.31975468993187
452 0.338601320981979
453 0.227853700518608
454 0.0441257357597351
455 0
456 0
457 0
458 0.0519415102899075
459 0.132523655891418
460 0.203283697366714
461 0.247943088412285
462 0.279620289802551
463 0.30969762802124
464 0.334049135446548
465 0.208419397473335
466 0.0467674620449543
467 0
468 0
469 0
470 0.0460693836212158
471 0.115009926259518
472 0.174443811178207
473 0.224433988332748
474 0.274196982383728
475 0.299840927124023
476 0.297586768865585
477 0.158048212528229
478 0.0200572721660137
479 0
480 0
481 0
482 0.0555812232196331
483 0.135850161314011
484 0.189417019486427
485 0.229727819561958
486 0.269975483417511
487 0.298852443695068
488 0.307438641786575
489 0.212187916040421
490 0.0452317483723164
491 0
492 0
493 0
494 0.0471549816429615
495 0.135682672262192
496 0.19266439974308
497 0.231805935502052
498 0.274458348751068
499 0.299108624458313
500 0.309992998838425
501 0.205031588673592
502 0.0274427160620689
503 0
504 0
505 0.0177311282604933
506 0.0598234534263611
507 0.137912929058075
508 0.200101405382156
509 0.255063980817795
510 0.282453507184982
511 0.30470222234726
512 0.31327223777771
513 0.214894726872444
514 0.0495782718062401
515 0
516 0
517 0
518 0.0491212755441666
519 0.121298901736736
520 0.194775074720383
521 0.241925641894341
522 0.270552039146423
523 0.308508783578873
524 0.317009091377258
525 0.222599133849144
526 0.0479541160166264
527 0
528 0
529 0
530 0.0519359521567822
531 0.116257175803185
532 0.184087753295898
533 0.241107240319252
534 0.288827568292618
535 0.313141822814941
536 0.321233242750168
537 0.206601455807686
538 0.0294996798038483
539 0
540 0
541 0
542 0.0462901405990124
543 0.121927455067635
544 0.183757677674294
545 0.2411198168993
546 0.279271215200424
547 0.303664207458496
548 0.306570321321487
549 0.194878295063972
550 0.033539105206728
551 0
552 0
553 0
554 0.0455784723162651
555 0.122231088578701
556 0.190657198429108
557 0.233738481998444
558 0.26603165268898
559 0.299915462732315
560 0.314073950052261
561 0.220367401838303
562 0.0465907044708729
563 0
564 0
565 0
566 0.0486644320189953
567 0.134946823120117
568 0.19303897023201
569 0.240808218717575
570 0.284967571496964
571 0.321656137704849
572 0.340727776288986
573 0.21898464858532
574 0.0452666506171227
575 0
576 0
577 0
578 0.0511167645454407
579 0.119125306606293
580 0.181153535842896
581 0.236095637083054
582 0.278238266706467
583 0.304973095655441
584 0.31362709403038
585 0.184062421321869
586 0.0335313640534878
587 0
588 0
589 0
590 0.0503240004181862
591 0.118315875530243
592 0.187821865081787
593 0.236908093094826
594 0.279506683349609
595 0.324903845787048
596 0.321757853031158
597 0.19381819665432
598 0.0436508990824223
599 0
600 0
601 0
602 0.0531241483986378
603 0.12373998016119
604 0.187624678015709
605 0.233805388212204
606 0.275537639856339
607 0.313491433858871
608 0.32435354590416
609 0.198062658309937
610 0.031460240483284
611 0
612 0
613 0
614 0.0410418473184109
615 0.10470063239336
616 0.16002993285656
617 0.207006007432938
618 0.251762896776199
619 0.279051393270493
620 0.288571804761887
621 0.165434390306473
622 0.0152956917881966
623 0
624 0
625 0
626 0.0428041741251945
627 0.125065624713898
628 0.183657467365265
629 0.237757176160812
630 0.272658497095108
631 0.303578615188599
632 0.302578836679459
633 0.193498983979225
634 0.0393984094262123
635 0
636 0
637 0
638 0.04634939879179
639 0.11098812520504
640 0.175106137990952
641 0.22729580104351
642 0.261023342609406
643 0.284968554973602
644 0.299978673458099
645 0.173044711351395
646 0.0202942453324795
647 0
648 0
649 0
650 0.0528532080352306
651 0.140989020466805
652 0.202907472848892
653 0.254278182983398
654 0.3005111515522
655 0.324515849351883
656 0.334545880556107
657 0.206135645508766
658 0.0520820133388042
659 0
660 0
661 0
662 0.0488394536077976
663 0.121787756681442
664 0.188369497656822
665 0.235024452209473
666 0.288032680749893
667 0.321150183677673
668 0.325168013572693
669 0.204836010932922
670 0.0335408374667168
671 0
672 0
673 0
674 0.0472083948552608
675 0.121927298605442
676 0.186748743057251
677 0.244515657424927
678 0.292720884084702
679 0.320978164672852
680 0.331928700208664
681 0.21025313436985
682 0.0300555638968945
683 0
684 0
685 0
686 0.0516548827290535
687 0.130827113986015
688 0.187876716256142
689 0.235188782215118
690 0.269510418176651
691 0.302290022373199
692 0.309586018323898
693 0.186018541455269
694 0.0270135123282671
695 0
696 0
697 0
698 0.0461418069899082
699 0.119005009531975
700 0.187911570072174
701 0.251316010951996
702 0.286396026611328
703 0.32278436422348
704 0.317431807518005
705 0.200122326612473
706 0.0380581729114056
707 0
708 0
709 0
710 0.0352179147303104
711 0.12233966588974
712 0.193088680505753
713 0.243575111031532
714 0.269509196281433
715 0.29589569568634
716 0.302737832069397
717 0.1905287951231
718 0.013584622181952
719 0
720 0
721 0
722 0.040998637676239
723 0.113396927714348
724 0.176732450723648
725 0.237635925412178
726 0.280827701091766
727 0.309081137180328
728 0.321092277765274
729 0.19802114367485
730 0.0193939302116632
731 0
732 0
733 0
734 0.0428660102188587
735 0.113680005073547
736 0.178531095385551
737 0.217114329338074
738 0.25482240319252
739 0.284981727600098
740 0.296964079141617
741 0.179148659110069
742 0.0249607991427183
743 0
744 0
745 0
746 0.0387060716748238
747 0.114318549633026
748 0.183426961302757
749 0.243564665317535
750 0.279445201158524
751 0.31295382976532
752 0.310046285390854
753 0.173956647515297
754 0
755 0
756 0
757 0
758 0.0375928580760956
759 0.101831458508968
760 0.165178567171097
761 0.220768377184868
762 0.26385760307312
763 0.311735033988953
764 0.331143915653229
765 0.200691193342209
766 0.0233679469674826
767 0
768 0
769 0
770 0.038615595549345
771 0.108279079198837
772 0.173666939139366
773 0.23321732878685
774 0.28761813044548
775 0.316494345664978
776 0.328620433807373
777 0.203805208206177
778 0.0493202470242977
779 0
780 0
781 0
782 0.0385104976594448
783 0.103210434317589
784 0.166376516222954
785 0.221554338932037
786 0.262359291315079
787 0.284280896186829
788 0.289827346801758
789 0.166582152247429
790 0.0198841392993927
791 0
792 0
793 0
794 0.0335811004042625
795 0.104427434504032
796 0.162615746259689
797 0.212547838687897
798 0.25140506029129
799 0.295583665370941
800 0.298072755336761
801 0.186524152755737
802 0.0269717797636986
803 0
804 0
805 0
806 0.0449652299284935
807 0.123436398804188
808 0.186283335089684
809 0.230702459812164
810 0.275128573179245
811 0.307524889707565
812 0.300182521343231
813 0.16757071018219
814 0.0148529810830951
815 0
816 0
817 0
818 0.0418958179652691
819 0.120400287210941
820 0.17080757021904
821 0.231467232108116
822 0.280076503753662
823 0.304517716169357
824 0.313797026872635
825 0.172756880521774
826 0.0169303994625807
827 0
828 0
829 0
830 0.0414443984627724
831 0.111100241541862
832 0.182761341333389
833 0.225214943289757
834 0.273502320051193
835 0.298149853944778
836 0.303276360034943
837 0.194010734558105
838 0.0287911985069513
839 0
840 0
841 0
842 0.0454316064715385
843 0.124032415449619
844 0.188184812664986
845 0.234921738505363
846 0.278895556926727
847 0.32443955540657
848 0.331472039222717
849 0.209758415818214
850 0.0535058341920376
851 0
852 0
853 0
854 0.039607860147953
855 0.105023950338364
856 0.16563506424427
857 0.224576309323311
858 0.269213229417801
859 0.291231364011765
860 0.304374188184738
861 0.160795032978058
862 0.0289063062518835
863 0
864 0
865 0
866 0.0268196929246187
867 0.0829392224550247
868 0.138670668005943
869 0.204964190721512
870 0.255242854356766
871 0.294665038585663
872 0.292839020490646
873 0.180301174521446
874 0.0311697963625193
875 0
876 0
877 0
878 0.0392012670636177
879 0.108922109007835
880 0.174761474132538
881 0.231450781226158
882 0.277816295623779
883 0.310180366039276
884 0.316107392311096
885 0.207649499177933
886 0.0334665514528751
887 0
888 0
889 0
890 0.0345617271959782
891 0.105806291103363
892 0.171558901667595
893 0.227084085345268
894 0.256019502878189
895 0.276522636413574
896 0.288929313421249
897 0.168297842144966
898 0.0192748941481113
899 0
900 0
901 0
902 0.0458167009055614
903 0.115430161356926
904 0.180049255490303
905 0.233031302690506
906 0.273504257202148
907 0.300169706344604
908 0.30682560801506
909 0.169406414031982
910 0.0238720886409283
911 0
912 0
913 0
914 0.034327682107687
915 0.109673567116261
916 0.168949991464615
917 0.239013344049454
918 0.286849975585938
919 0.305387109518051
920 0.308830738067627
921 0.174170315265656
922 0.022086251527071
923 0
924 0
925 0
926 0.0271144211292267
927 0.0875867605209351
928 0.169020637869835
929 0.233387067914009
930 0.269131720066071
931 0.299600481987
932 0.32173079252243
933 0.1927789747715
934 0.0183240920305252
935 0
936 0
937 0
938 0.0265182238072157
939 0.0918274447321892
940 0.156927362084389
941 0.223380640149117
942 0.275083512067795
943 0.307616531848907
944 0.304341554641724
945 0.158175900578499
946 0.0130742155015469
947 0
948 0
949 0
950 0.0225174631923437
951 0.0863602608442307
952 0.163360193371773
953 0.229020237922668
954 0.264979481697083
955 0.292594850063324
956 0.293741285800934
957 0.16727639734745
958 0.0150100737810135
959 0
960 0
961 0
962 0.0282919723540545
963 0.0964876115322113
964 0.171117648482323
965 0.232280939817429
966 0.271036565303802
967 0.298594146966934
968 0.309010207653046
969 0.185162544250488
970 0.0189488381147385
971 0
972 0
973 0
974 0.0319552049040794
975 0.108292080461979
976 0.178431779146194
977 0.236510172486305
978 0.282463699579239
979 0.309715002775192
980 0.316349774599075
981 0.168068766593933
982 0.0130887432023883
983 0
984 0
985 0
986 0.0398341529071331
987 0.116683706641197
988 0.172191098332405
989 0.221397086977959
990 0.263057827949524
991 0.297822952270508
992 0.299247354269028
993 0.154611080884933
994 0.0185739435255527
995 0
996 0
997 0
998 0.0264477767050266
999 0.0917073935270309
1000 0.155969604849815
1001 0.216230437159538
1002 0.26589372754097
1003 0.298413127660751
1004 0.297404736280441
1005 0.159095913171768
1006 0.0117205623537302
1007 0
1008 0
1009 0
1010 0.0331307575106621
1011 0.100851610302925
1012 0.158574134111404
1013 0.221122533082962
1014 0.272173047065735
1015 0.305211156606674
1016 0.309927999973297
1017 0.176044777035713
1018 0.026216072961688
1019 0
1020 0
1021 0
1022 0.0387596823275089
1023 0.112953931093216
1024 0.17410446703434
1025 0.232528477907181
1026 0.276402115821838
1027 0.312322109937668
1028 0.30370882153511
1029 0.155232280492783
1030 0.0112433927133679
1031 0
1032 0
1033 0
1034 0.0276892241090536
1035 0.0888581499457359
1036 0.157506883144379
1037 0.212632700800896
1038 0.264666706323624
1039 0.298468828201294
1040 0.302160501480103
1041 0.158872067928314
1042 0.0177095271646976
1043 0
1044 0
1045 0
1046 0.0330629013478756
1047 0.0990030765533447
1048 0.161821871995926
1049 0.221775740385056
1050 0.266334682703018
1051 0.299310773611069
1052 0.301087021827698
1053 0.154898896813393
1054 0.0218241941183805
1055 0
1056 0
1057 0
1058 0.0219073444604874
1059 0.0832432880997658
1060 0.147534474730492
1061 0.207402810454369
1062 0.247762143611908
1063 0.274717152118683
1064 0.27729657292366
1065 0.15077169239521
1066 0.0100348554551601
1067 0
1068 0
1069 0
1070 0.0300809741020203
1071 0.085647314786911
1072 0.160054817795753
1073 0.220393151044846
1074 0.262028574943542
1075 0.290593862533569
1076 0.307547211647034
1077 0.179084718227386
1078 0.0166262779384851
1079 0
1080 0
1081 0
1082 0.0265072677284479
1083 0.0969476103782654
1084 0.167525470256805
1085 0.214642077684402
1086 0.256964325904846
1087 0.297950595617294
1088 0.293719619512558
1089 0.147563487291336
1090 0.0148714240640402
1091 0
1092 0
1093 0
1094 0.0211044531315565
1095 0.0892150029540062
1096 0.161590069532394
1097 0.224847212433815
1098 0.271757036447525
1099 0.311105340719223
1100 0.306093990802765
1101 0.169542968273163
1102 0.0154246306046844
1103 0
1104 0
1105 0
1106 0.0158029478043318
1107 0.0839746743440628
1108 0.159586504101753
1109 0.226929694414139
1110 0.271383106708527
1111 0.300653696060181
1112 0.291123747825623
1113 0.151804774999619
1114 0.0144522627815604
1115 0
1116 0
1117 0
1118 0.0200453530997038
1119 0.0902998149394989
1120 0.154665544629097
1121 0.219990193843842
1122 0.262490510940552
1123 0.302624136209488
1124 0.302614837884903
1125 0.166986227035522
1126 0.0159995425492525
1127 0
1128 0
1129 0
1130 0.0252527128905058
1131 0.0914589017629623
1132 0.167661264538765
1133 0.222907230257988
1134 0.27519965171814
1135 0.309051841497421
1136 0.300383418798447
1137 0.155016526579857
1138 0.0236370749771595
1139 0
1140 0
1141 0
1142 0.0274327863007784
1143 0.0865191593766212
1144 0.154586791992188
1145 0.218513041734695
1146 0.264560103416443
1147 0.300114899873734
1148 0.295206129550934
1149 0.152175635099411
1150 0.0155483325943351
1151 0
1152 0
1153 0
1154 0.0271296370774508
1155 0.0899096876382828
1156 0.160222426056862
1157 0.211053535342216
1158 0.250512480735779
1159 0.287824213504791
1160 0.27690464258194
1161 0.120453000068665
1162 0
1163 0
1164 0
1165 0
1166 0.0178050845861435
1167 0.0871356129646301
1168 0.149421259760857
1169 0.203950375318527
1170 0.237357303500175
1171 0.269436597824097
1172 0.277747452259064
1173 0.132856339216232
1174 0
1175 0
1176 0
1177 0
1178 0.0260022524744272
1179 0.0868179798126221
1180 0.15395413339138
1181 0.208028227090836
1182 0.248830765485764
1183 0.285241305828094
1184 0.287714868783951
1185 0.127324730157852
1186 0
1187 0
1188 0
1189 0
1190 0.0259755235165358
1191 0.0891229063272476
1192 0.154408797621727
1193 0.226090043783188
1194 0.277707189321518
1195 0.304727882146835
1196 0.290698051452637
1197 0.126238018274307
1198 0
1199 0
1200 0
1201 0
1202 0.0149204013869166
1203 0.0751492977142334
1204 0.142143234610558
1205 0.215318083763123
1206 0.268030196428299
1207 0.301162421703339
1208 0.286246329545975
1209 0.148872002959251
1210 0.0222060326486826
1211 0
1212 0
1213 0
1214 0.0209107734262943
1215 0.0804380029439926
1216 0.148739129304886
1217 0.20958685874939
1218 0.265369892120361
1219 0.298056095838547
1220 0.287785768508911
1221 0.148025348782539
1222 0.0185773149132729
1223 0
1224 0
1225 0
1226 0.0228228885680437
1227 0.0786348059773445
1228 0.146425038576126
1229 0.203978851437569
1230 0.246806487441063
1231 0.266291588544846
1232 0.261096149682999
1233 0.131660118699074
1234 0.0118215000256896
1235 0
1236 0
1237 0
1238 0.0176336541771889
1239 0.0803248807787895
1240 0.14843538403511
1241 0.215625390410423
1242 0.265255242586136
1243 0.292877078056335
1244 0.2860267162323
1245 0.134623378515244
1246 0
1247 0
1248 0
1249 0
1250 0.0207220390439034
1251 0.0790035799145699
1252 0.151452630758286
1253 0.214160799980164
1254 0.26526939868927
1255 0.302577674388885
1256 0.28786900639534
1257 0.126627221703529
1258 0
1259 0
1260 0
1261 0
1262 0.0167244616895914
1263 0.0753811746835709
1264 0.152087152004242
1265 0.205516397953033
1266 0.244246914982796
1267 0.289323329925537
1268 0.290240705013275
1269 0.141317769885063
1270 0.016468582674861
1271 0
1272 0
1273 0
1274 0.0119498521089554
1275 0.0618296191096306
1276 0.131112352013588
1277 0.198735743761063
1278 0.241051882505417
1279 0.262215971946716
1280 0.258851230144501
1281 0.122110858559608
1282 0
1283 0
1284 0
1285 0
1286 0.019521513953805
1287 0.0776841714978218
1288 0.141255721449852
1289 0.199152901768684
1290 0.253001689910889
1291 0.285784840583801
1292 0.284601777791977
1293 0.128674298524857
1294 0
1295 0
1296 0
1297 0
1298 0.0116672161966562
1299 0.0621181651949883
1300 0.137912184000015
1301 0.208631083369255
1302 0.266910165548325
1303 0.292993009090424
1304 0.275295972824097
1305 0.14296318590641
1306 0
1307 0
1308 0
1309 0
1310 0.0154396155849099
1311 0.0715964734554291
1312 0.143761605024338
1313 0.211342319846153
1314 0.257914572954178
1315 0.289734899997711
1316 0.28698393702507
1317 0.15164940059185
1318 0.0121104717254639
1319 0
1320 0
1321 0
1322 0.0213965997099876
1323 0.0719742327928543
1324 0.130989074707031
1325 0.183958262205124
1326 0.220741912722588
1327 0.252766132354736
1328 0.254810929298401
1329 0.0975692570209503
1330 0
1331 0
1332 0
1333 0
1334 0.0140080777928233
1335 0.0707739964127541
1336 0.136366307735443
1337 0.196800008416176
1338 0.232485815882683
1339 0.267721652984619
1340 0.269384264945984
1341 0.114192046225071
1342 0
1343 0
1344 0
1345 0
1346 0.0163303799927235
1347 0.0715701952576637
1348 0.141027122735977
1349 0.206653267145157
1350 0.253342628479004
1351 0.288202553987503
1352 0.280588656663895
1353 0.121640130877495
1354 0
1355 0
1356 0
1357 0
1358 0.0107754357159138
1359 0.062099315226078
1360 0.137580871582031
1361 0.189847961068153
1362 0.240489825606346
1363 0.270654141902924
1364 0.259999245405197
1365 0.104279696941376
1366 0
1367 0
1368 0
1369 0
1370 0.0122480075806379
1371 0.06016980484128
1372 0.141239300370216
1373 0.203516930341721
1374 0.270074903964996
1375 0.301805138587952
1376 0.29594424366951
1377 0.121688038110733
1378 0
1379 0
1380 0
1381 0
1382 0.0159828253090382
1383 0.0679282769560814
1384 0.135174930095673
1385 0.190466523170471
1386 0.249541476368904
1387 0.273140847682953
1388 0.259821265935898
1389 0.116037912666798
1390 0
1391 0
1392 0
1393 0
1394 0
1395 0.0576651729643345
1396 0.118926644325256
1397 0.175152331590652
1398 0.216890230774879
1399 0.251624375581741
1400 0.242511495947838
1401 0.0852102041244507
1402 0
1403 0
1404 0
1405 0
1406 0.0157692320644855
1407 0.0748147219419479
1408 0.136350184679031
1409 0.193775281310081
1410 0.238157466053963
1411 0.262186110019684
1412 0.259423583745956
1413 0.109511777758598
1414 0
1415 0
1416 0
1417 0
1418 0.0206574723124504
1419 0.0732190608978271
1420 0.12811067700386
1421 0.17668505012989
1422 0.220702826976776
1423 0.269924402236938
1424 0.2496627420187
1425 0.0901677682995796
1426 0
1427 0
1428 0
1429 0
1430 0.0135239325463772
1431 0.0575257278978825
1432 0.129058346152306
1433 0.191259980201721
1434 0.246822759509087
1435 0.277731657028198
1436 0.268577963113785
1437 0.073430135846138
1438 0
1439 0
1440 0
1441 0
1442 0.0117254462093115
1443 0.0565197989344597
1444 0.104729153215885
1445 0.150330558419228
1446 0.213482648134232
1447 0.263436794281006
1448 0.23475569486618
1449 0.0830517038702965
1450 0
1451 0
1452 0
1453 0
1454 0.0133917517960072
1455 0.0619638524949551
1456 0.120132200419903
1457 0.169648706912994
1458 0.220826655626297
1459 0.250654518604279
1460 0.242954924702644
1461 0.0997656285762787
1462 0
1463 0
1464 0
1465 0
1466 0.0138854375109076
1467 0.0557278878986835
1468 0.108307436108589
1469 0.173196420073509
1470 0.217971935868263
1471 0.260605841875076
1472 0.257630944252014
1473 0.104702934622765
1474 0
1475 0
1476 0
1477 0
1478 0.0162199456244707
1479 0.0642017126083374
1480 0.117216877639294
1481 0.170191422104836
1482 0.22177654504776
1483 0.247709915041924
1484 0.23894265294075
1485 0.101658433675766
1486 0
1487 0
1488 0
1489 0
1490 0.0132599445059896
1491 0.0552440583705902
1492 0.121893413364887
1493 0.177593365311623
1494 0.223849877715111
1495 0.261717081069946
1496 0.242539063096046
1497 0.0735172554850578
1498 0
1499 0
1500 0
1501 0
1502 0
1503 0.0435857698321342
1504 0.108427606523037
1505 0.169580593705177
1506 0.220429480075836
1507 0.253638416528702
1508 0.245689377188683
1509 0.0883047580718994
1510 0
1511 0
1512 0
1513 0
1514 0.0143909715116024
1515 0.0568620823323727
1516 0.0947599038481712
1517 0.157854348421097
1518 0.204110249876976
1519 0.238810166716576
1520 0.22502438724041
1521 0.0906855836510658
1522 0
1523 0
1524 0
1525 0
1526 0
1527 0.0593555606901646
1528 0.117370270192623
1529 0.180445924401283
1530 0.216690748929977
1531 0.26677593588829
1532 0.254095703363419
1533 0.113359607756138
1534 0
1535 0
1536 0
1537 0
1538 0
1539 0.049463614821434
1540 0.111050218343735
1541 0.175219804048538
1542 0.233162075281143
1543 0.264699280261993
1544 0.269180566072464
1545 0.107342645525932
1546 0
1547 0
1548 0
1549 0
1550 0.0114367781206965
1551 0.0551621578633785
1552 0.107187330722809
1553 0.169461280107498
1554 0.221611812710762
1555 0.263872474431992
1556 0.238476291298866
1557 0.0957281067967415
1558 0
1559 0
1560 0
1561 0
1562 0.0192736499011517
1563 0.0729071274399757
1564 0.134353816509247
1565 0.196665018796921
1566 0.242561221122742
1567 0.273150503635406
1568 0.2681485414505
1569 0.109614148736
1570 0
1571 0
1572 0
1573 0
1574 0
1575 0.0543403066694736
1576 0.108790025115013
1577 0.16970981657505
1578 0.221788451075554
1579 0.241543844342232
1580 0.224385693669319
1581 0.0717315375804901
1582 0
1583 0
1584 0
1585 0
1586 0.0103526897728443
1587 0.0491933152079582
1588 0.108531408011913
1589 0.170136570930481
1590 0.22140446305275
1591 0.245442897081375
1592 0.233738511800766
1593 0.092530831694603
1594 0
1595 0
1596 0
1597 0
1598 0.0111298160627484
1599 0.0525002777576447
1600 0.109496466815472
1601 0.17267045378685
1602 0.217918872833252
1603 0.260329455137253
1604 0.241218969225883
1605 0.09028110653162
1606 0
1607 0
1608 0
1609 0
1610 0
1611 0.0529149509966373
1612 0.113696955144405
1613 0.162671282887459
1614 0.208543866872787
1615 0.243931442499161
1616 0.22862109541893
1617 0.0714492648839951
1618 0
1619 0
1620 0
