1620
1 -1.11536254882799
2 -8.80768432617197
3 -18.523382568359
4 -24.911749267578
5 -28.248526000977
6 -27.938772583008
7 -26.013922119141
8 -16.588568115234
9 -5.28693237304697
10 2.88686523437502
11 3.83776245117201
12 2.81441650390605
13 -1.542974853516
14 -9.25971069335895
15 -18.759481811523
16 -24.704168701172
17 -27.805807495117
18 -29.056814575195
19 -26.172918701172
20 -16.219549560547
21 -4.24841918945299
22 2.56334838867201
23 4.29546508789105
24 2.73952636718803
25 -0.924536132811966
26 -8.009680175781
27 -17.822943115234
28 -23.137548828125
29 -28.284689331055
30 -27.768576049805
31 -24.972372436523
32 -16.019964599609
33 -4.37802734374998
34 2.281091308594
35 4.27495727539105
36 2.951165771484
37 -1.02716674804697
38 -8.34036865234395
39 -18.238928222656
40 -25.520803833008
41 -28.011724853516
42 -28.535986328125
43 -24.364172363281
44 -15.798956298828
45 -4.74933471679697
46 2.61974487304701
47 4.16622314453105
48 3.06530151367201
49 -1.20584716796895
50 -7.93298950195299
51 -16.947821044922
52 -23.571081542969
53 -28.153921508789
54 -26.546514892578
55 -24.446661376953
56 -15.916265869141
57 -4.478186035156
58 2.60772094726605
59 4.445794677734
60 3.12481079101605
61 -1.03909912109395
62 -8.30917968749998
63 -17.349234008789
64 -25.231878662109
65 -28.360037231445
66 -28.336279296875
67 -24.190451049805
68 -15.795538330078
69 -4.500891113281
70 2.37365112304701
71 4.11684570312502
72 2.413659667969
73 -1.11948242187498
74 -7.62195434570299
75 -17.749105834961
76 -24.910025024414
77 -27.492468261719
78 -28.261221313477
79 -24.382864379883
80 -17.30364074707
81 -4.736730957031
82 2.32418212890605
83 4.35427246093803
84 2.534020996094
85 -1.37634887695299
86 -8.53284301757799
87 -18.798162841797
88 -24.765249633789
89 -27.528280639648
90 -29.594259643555
91 -24.844351196289
92 -15.834997558594
93 -4.529943847656
94 2.68062744140605
95 4.22380981445303
96 3.650476074219
97 -1.18485107421895
98 -7.71237792968799
99 -16.972967529297
100 -24.449957275391
101 -27.007208251953
102 -28.490408325195
103 -25.411322021484
104 -15.745092773438
105 -4.03302612304697
106 2.57033691406201
107 4.04006347656201
108 2.43886718750002
109 -1.52915039062498
110 -8.22214355468799
111 -17.846594238281
112 -23.838079833984
113 -28.363333129883
114 -27.842077636719
115 -24.344381713867
116 -15.521063232422
117 -4.72864379882799
118 2.60808715820303
119 4.37127075195303
120 2.29863891601605
121 -1.456457519531
122 -8.943121337891
123 -19.795767211914
124 -24.497900390625
125 -27.581015014648
126 -28.636907958984
127 -25.673834228516
128 -16.254766845703
129 -4.51303710937498
130 2.61052856445303
131 4.20314941406201
132 3.24648437500002
133 -1.22968139648395
134 -9.17365112304697
135 -18.088629150391
136 -24.643057250977
137 -27.338354492188
138 -29.681753540039
139 -25.821051025391
140 -16.083868408203
141 -4.24469604492197
142 2.462640380859
143 4.24221191406201
144 2.60942993164105
145 -1.64658203124998
146 -7.953771972656
147 -17.251318359375
148 -24.923742675781
149 -26.949270629883
150 -27.540686035156
151 -25.737921142578
152 -15.393194580078
153 -4.07526245117197
154 2.800531005859
155 4.06316528320303
156 2.92388305664105
157 -0.628088378906
158 -7.16727294921895
159 -15.284674072266
160 -23.585073852539
161 -26.662664794922
162 -29.738531494141
163 -24.800207519531
164 -15.499731445312
165 -5.12885131835895
166 2.71938476562502
167 4.02779541015605
168 3.130944824219
169 -1.25205078124998
170 -7.59747924804697
171 -17.178900146484
172 -23.633840942383
173 -27.442831420898
174 -27.190924072266
175 -25.307028198242
176 -15.682287597656
177 -4.42825927734395
178 2.61687622070303
179 4.25103149414105
180 2.99810180664105
181 -0.821813964843955
182 -8.11215820312498
183 -16.863134765625
184 -24.062002563477
185 -27.618551635742
186 -27.530249023438
187 -24.112249755859
188 -15.966162109375
189 -3.88162841796895
190 2.53997192382803
191 4.37066040039105
192 2.51909790039105
193 -1.463293457031
194 -8.27054443359395
195 -17.699621582031
196 -24.526937866211
197 -27.290426635742
198 -28.153448486328
199 -25.210043334961
200 -15.459204101562
201 -4.38986816406197
202 2.59893188476605
203 3.94756469726605
204 2.91085205078105
205 -1.52878417968799
206 -9.49875488281197
207 -17.718252563477
208 -23.60166015625
209 -27.3326171875
210 -27.036917114258
211 -23.874136352539
212 -14.071081542969
213 -3.547125244141
214 2.56319580078105
215 4.12389526367201
216 2.751947021484
217 -0.691931152343955
218 -7.83945312499998
219 -16.843664550781
220 -24.265661621094
221 -28.195181274414
222 -28.361944580078
223 -26.212683105469
224 -15.917333984375
225 -4.01840820312498
226 2.77941284179701
227 4.10967407226605
228 2.98189697265605
229 -0.950659179687989
230 -8.02088012695299
231 -16.339453125
232 -24.070425415039
233 -27.358679199219
234 -28.407354736328
235 -24.448751831055
236 -15.152075195312
237 -4.52863159179697
238 2.76580200195303
239 4.45763549804701
240 2.86708984375002
241 -1.48422851562498
242 -8.51557006835895
243 -18.00368347168
244 -22.812979125977
245 -27.018194580078
246 -27.716101074219
247 -24.205084228516
248 -16.005926513672
249 -4.55112304687498
250 2.418450927734
251 4.28435668945303
252 3.086175537109
253 -0.995794677733954
254 -8.437017822266
255 -17.48984375
256 -24.434637451172
257 -25.842474365234
258 -28.122854614258
259 -23.764532470703
260 -15.346746826172
261 -3.58969726562498
262 2.87673339843803
263 4.09493408203105
264 2.96303710937502
265 -0.858740234374977
266 -7.21423950195299
267 -16.530981445312
268 -22.67604675293
269 -26.899908447266
270 -27.187704467773
271 -23.246282958984
272 -14.746740722656
273 -3.89337768554697
274 3.13570556640605
275 4.71138916015605
276 3.64440307617201
277 -0.732550048827989
278 -6.18158569335895
279 -14.814215087891
280 -23.061407470703
281 -26.717047119141
282 -27.837393188477
283 -24.601858520508
284 -15.540258789062
285 -3.87619628906197
286 3.09908447265605
287 4.038079833984
288 2.721032714844
289 -1.05676879882799
290 -6.90384521484395
291 -16.255560302734
292 -22.832495117188
293 -26.326422119141
294 -27.667532348633
295 -23.624212646484
296 -14.573950195312
297 -4.08298339843799
298 3.06911621093803
299 4.68068847656201
300 3.514978027344
301 -0.0209716796879889
302 -6.920904541016
303 -13.941717529297
304 -22.233740234375
305 -26.190710449219
306 -26.540365600586
307 -22.404180908203
308 -15.683203125
309 -3.73203124999998
310 2.96132812500002
311 4.12154541015605
312 3.093011474609
313 -0.471380615233954
314 -6.76721801757799
315 -15.704840087891
316 -22.958807373047
317 -27.843756103516
318 -26.710470581055
319 -23.479437255859
320 -15.062902832031
321 -3.596441650391
322 2.68975219726605
323 4.13341674804701
324 2.86821899414105
325 -0.866827392577989
326 -7.65155639648395
327 -15.810736083984
328 -22.266958618164
329 -26.943197631836
330 -27.025900268555
331 -24.729483032227
332 -14.736853027344
333 -3.90473022460895
334 3.03386840820303
335 4.55187377929701
336 3.44460449218803
337 -0.247229003906
338 -6.76932373046895
339 -15.812384033203
340 -23.660131835938
341 -27.45354309082
342 -28.224996948242
343 -24.777166748047
344 -15.757025146484
345 -4.65872802734395
346 2.39296875000002
347 4.32296142578105
348 2.906091308594
349 -0.554113769531
350 -7.55954589843799
351 -16.418676757812
352 -24.266760253906
353 -27.189535522461
354 -27.992041015625
355 -24.502020263672
356 -15.921759033203
357 -3.66644897460895
358 2.977777099609
359 4.34804687500002
360 3.229333496094
361 -0.881842041016
362 -7.07782592773395
363 -15.815466308594
364 -22.475637817383
365 -27.183157348633
366 -28.018896484375
367 -24.350485229492
368 -15.731024169922
369 -3.744543457031
370 2.71315917968803
371 4.24541625976605
372 3.12151489257803
373 -0.193518066406
374 -6.964117431641
375 -15.759771728516
376 -23.578741455078
377 -26.005331420898
378 -26.758062744141
379 -23.673178100586
380 -14.722021484375
381 -3.84079589843799
382 3.15416870117201
383 4.09841308593803
384 2.98003540039105
385 -0.964941406249977
386 -7.563726806641
387 -15.855902099609
388 -21.893667602539
389 -27.513159179688
390 -27.128134155273
391 -22.937109375
392 -13.854254150391
393 -3.327886962891
394 2.79824218750002
395 4.59591064453105
396 3.324304199219
397 -0.00333251953099989
398 -5.73044433593799
399 -14.59384765625
400 -22.776235961914
401 -26.169790649414
402 -26.21867980957
403 -24.15732421875
404 -14.904577636719
405 -3.91467895507799
406 3.030603027344
407 4.93630371093803
408 3.819665527344
409 -0.609777832031
410 -6.713873291016
411 -15.534094238281
412 -21.206350708008
413 -25.277914428711
414 -26.744619750977
415 -23.596685791016
416 -14.63193359375
417 -3.68192138671895
418 3.093103027344
419 4.778894042969
420 3.737054443359
421 -0.0679382324219659
422 -6.35690917968799
423 -15.215643310547
424 -21.782080078125
425 -25.145941162109
426 -26.689215087891
427 -24.00334777832
428 -14.407843017578
429 -3.26914062499998
430 3.10616455078105
431 4.807122802734
432 3.66338500976605
433 0.476800537109
434 -5.87396850585895
435 -14.489050292969
436 -21.708288574219
437 -25.848272705078
438 -25.706625366211
439 -23.174185180664
440 -14.182409667969
441 -3.19708862304697
442 3.01943359375002
443 4.62081298828105
444 3.54430541992201
445 0.240014648438034
446 -5.17444458007799
447 -12.955938720703
448 -20.844976806641
449 -23.74309387207
450 -25.358587646484
451 -23.285467529297
452 -14.9458984375
453 -3.24030151367197
454 3.061608886719
455 4.790612792969
456 3.91646728515605
457 0.495050048828034
458 -5.21750488281197
459 -12.915808105469
460 -21.396978759766
461 -23.735830688477
462 -25.438131713867
463 -21.885549926758
464 -14.793188476562
465 -3.86176147460895
466 3.37014160156201
467 5.13381347656201
468 3.77089843750002
469 0.395959472656045
470 -4.634527587891
471 -12.793493652344
472 -22.318655395508
473 -24.443014526367
474 -25.819342041016
475 -23.098104858398
476 -14.577612304688
477 -2.67035522460895
478 3.49163208007803
479 4.93056640625002
480 4.12993774414105
481 0.607446289062011
482 -5.321539306641
483 -12.8267578125
484 -20.681356811523
485 -24.103414916992
486 -26.056051635742
487 -22.585516357422
488 -13.600469970703
489 -3.34638061523395
490 3.25753173828105
491 4.68642578125002
492 3.658044433594
493 0.735681152344
494 -5.105627441406
495 -13.642156982422
496 -21.974584960938
497 -25.583700561523
498 -26.079473876953
499 -22.668127441406
500 -14.354040527344
501 -3.77716674804697
502 3.174890136719
503 4.66939697265605
504 3.68575439453105
505 0.140496826172011
506 -5.18323364257799
507 -12.118444824219
508 -20.665579223633
509 -24.629919433594
510 -27.28508605957
511 -23.150610351562
512 -14.360845947266
513 -3.22904052734395
514 3.44036254882803
515 4.88024291992201
516 3.684411621094
517 0.464440917969
518 -5.39060058593799
519 -13.320379638672
520 -20.808584594727
521 -25.847891235352
522 -26.743902587891
523 -23.106481933594
524 -13.450323486328
525 -3.643957519531
526 3.30446777343803
527 4.73131713867201
528 3.87145385742201
529 0.620050048828034
530 -5.13168945312498
531 -12.325231933594
532 -20.337438964844
533 -24.264440917969
534 -24.90341796875
535 -22.762289428711
536 -13.161810302734
537 -3.06012573242197
538 3.264978027344
539 5.058831787109
540 4.53502807617201
541 1.01885375976605
542 -4.46430053710895
543 -11.9966796875
544 -19.694708251953
545 -24.534841918945
546 -25.301657104492
547 -22.791677856445
548 -13.588812255859
549 -2.786383056641
550 3.18886718750002
551 4.88741455078105
552 4.60381469726605
553 1.03505859375002
554 -4.23520507812498
555 -12.905401611328
556 -19.951773071289
557 -24.477102661133
558 -25.353262329102
559 -23.058966064453
560 -13.816809082031
561 -3.63535156249998
562 3.11461791992201
563 4.86895141601605
564 4.219964599609
565 0.548730468750023
566 -5.51126708984395
567 -13.371374511719
568 -21.338446044922
569 -25.355993652344
570 -25.49423828125
571 -23.36858215332
572 -14.198889160156
573 -3.07938232421895
574 3.23034057617201
575 5.071130371094
576 4.017663574219
577 0.414239501953034
578 -4.86981811523395
579 -12.267858886719
580 -20.149649047852
581 -23.687445068359
582 -25.717581176758
583 -22.486929321289
584 -14.165899658203
585 -2.86093749999998
586 3.40645751953105
587 4.828698730469
588 4.17785034179701
589 0.301416015625023
590 -5.037603759766
591 -13.121435546875
592 -19.896109008789
593 -24.284368896484
594 -24.942556762695
595 -21.495703125
596 -13.101751708984
597 -2.71970214843799
598 3.13784179687502
599 5.21822509765605
600 4.538323974609
601 0.964044189453034
602 -4.06595458984395
603 -11.136999511719
604 -19.845831298828
605 -23.566793823242
606 -25.113195800781
607 -21.881048583984
608 -13.365637207031
609 -3.37006225585895
610 3.26210937500002
611 5.24401245117201
612 4.73800048828105
613 0.961633300781045
614 -4.41629638671895
615 -12.278692626953
616 -19.805517578125
617 -24.875387573242
618 -25.382711791992
619 -22.506262207031
620 -13.347631835938
621 -2.32785644531197
622 3.64507446289105
623 5.36821899414105
624 4.62078247070303
625 1.10915527343803
626 -3.49237670898395
627 -12.088507080078
628 -18.183142089844
629 -22.856039428711
630 -25.327810668945
631 -21.835394287109
632 -13.620001220703
633 -2.67914428710895
634 3.43767700195303
635 4.99538574218803
636 4.07042846679701
637 0.829064941406045
638 -4.30393066406197
639 -11.080145263672
640 -19.368078613281
641 -23.339407348633
642 -25.808126831055
643 -22.271307373047
644 -13.091223144531
645 -2.69534912109395
646 3.435296630859
647 5.27779541015605
648 4.517907714844
649 1.570306396484
650 -3.46494140624998
651 -11.214483642578
652 -19.576483154297
653 -23.828665161133
654 -25.071630859375
655 -22.012838745117
656 -13.220922851562
657 -2.613775634766
658 3.19347534179701
659 5.209802246094
660 4.56862792968803
661 1.352044677734
662 -3.29608764648395
663 -10.401373291016
664 -20.018560791016
665 -23.222784423828
666 -23.490438842773
667 -21.652731323242
668 -12.918157958984
669 -2.34442749023395
670 3.68767700195303
671 5.61959228515605
672 4.62935791015605
673 1.15685424804701
674 -3.74591674804697
675 -11.020849609375
676 -18.763494873047
677 -22.995199584961
678 -23.367590332031
679 -21.911825561523
680 -13.181280517578
681 -2.97763671874998
682 3.53218994140605
683 5.714349365234
684 4.74212036132803
685 0.909417724609
686 -4.137213134766
687 -11.463171386719
688 -18.874655151367
689 -23.094961547852
690 -24.258245849609
691 -21.650213623047
692 -13.014715576172
693 -2.500006103516
694 3.72609863281201
695 5.27193603515605
696 4.95205078125002
697 2.12224731445303
698 -3.007818603516
699 -10.289221191406
700 -18.75026550293
701 -23.561209106445
702 -23.050619506836
703 -20.407614135742
704 -12.158880615234
705 -2.85706176757799
706 3.36779174804701
707 5.245355224609
708 4.799310302734
709 1.48354492187502
710 -3.45429077148395
711 -9.83991088867197
712 -18.346166992188
713 -24.560034179688
714 -24.199224853516
715 -21.392858886719
716 -12.757086181641
717 -2.67206420898395
718 3.73919067382803
719 5.273919677734
720 4.74566040039105
721 1.506341552734
722 -3.88727416992197
723 -10.273992919922
724 -17.019720458984
725 -21.931753540039
726 -23.774816894531
727 -20.785940551758
728 -12.418524169922
729 -2.16629638671895
730 3.810296630859
731 5.77080688476605
732 5.05642089843803
733 1.83736572265605
734 -2.86591186523395
735 -9.35843505859395
736 -16.626867675781
737 -21.608892822266
738 -23.691687011719
739 -20.610311889648
740 -11.695501708984
741 -2.28571166992197
742 3.79668579101605
743 5.87496337890605
744 5.285394287109
745 1.84826049804701
746 -3.11801757812498
747 -9.73883666992197
748 -16.958258056641
749 -22.130026245117
750 -22.42848815918
751 -19.799536132812
752 -11.908148193359
753 -2.24973144531197
754 3.42882690429701
755 5.54165039062502
756 5.018151855469
757 2.029626464844
758 -2.28912963867197
759 -8.87006225585895
760 -17.074774169922
761 -21.076818847656
762 -23.242849731445
763 -20.655279541016
764 -12.791448974609
765 -2.615240478516
766 3.73937377929701
767 5.856195068359
768 5.17629394531201
769 1.85878906250002
770 -3.17392578124998
771 -9.756109619141
772 -16.667059326172
773 -23.029364013672
774 -23.833074951172
775 -22.605673217773
776 -13.248022460938
777 -2.44968261718799
778 3.31658325195303
779 5.66689453125002
780 4.88662109375002
781 1.52388916015605
782 -3.13367309570299
783 -10.378546142578
784 -17.484045410156
785 -23.163336181641
786 -23.951055908203
787 -21.590216064453
788 -12.451391601562
789 -2.40769042968799
790 4.31850585937502
791 5.97799072265605
792 5.42009887695303
793 2.02407226562502
794 -2.85040893554697
795 -9.341558837891
796 -16.954107666016
797 -21.34792175293
798 -23.653631591797
799 -20.232336425781
800 -12.827886962891
801 -2.235754394531
802 3.89718017578105
803 5.525720214844
804 4.93010864257803
805 1.695306396484
806 -3.64832153320299
807 -8.98615112304697
808 -16.993505859375
809 -22.202597045898
810 -21.905249023438
811 -18.777151489258
812 -11.329718017578
813 -2.25949707031197
814 4.10000000000002
815 6.396478271484
816 5.930993652344
817 2.12200317382803
818 -2.44003906249998
819 -7.971350097656
820 -16.754339599609
821 -22.159796142578
822 -22.441915893555
823 -21.593084716797
824 -12.422979736328
825 -2.08368530273395
826 3.946038818359
827 5.93889770507803
828 5.12249145507803
829 1.85491333007803
830 -2.71100463867197
831 -8.640631103516
832 -16.195288085938
833 -21.134664916992
834 -23.644415283203
835 -21.070227050781
836 -11.969488525391
837 -2.086920166016
838 3.57808837890605
839 5.839440917969
840 5.028649902344
841 2.424066162109
842 -2.363287353516
843 -8.291998291016
844 -15.583502197266
845 -22.832662963867
846 -22.878485107422
847 -19.904440307617
848 -13.112524414062
849 -2.064367675781
850 3.451013183594
851 5.88479003906201
852 5.466149902344
853 2.26314697265605
854 -2.648443603516
855 -8.93549194335895
856 -15.765753173828
857 -20.995230102539
858 -23.359686279297
859 -20.671896362305
860 -12.100866699219
861 -1.604498291016
862 3.67534790039105
863 5.73720703125002
864 5.605310058594
865 2.272698974609
866 -2.72775878906197
867 -9.44159545898395
868 -15.699713134766
869 -21.697790527344
870 -22.756979370117
871 -20.243383789062
872 -12.442388916016
873 -1.94006958007799
874 3.56914672851605
875 5.87578735351605
876 4.95021972656201
877 2.06725463867201
878 -2.508551025391
879 -8.687506103516
880 -15.681982421875
881 -21.755026245117
882 -22.52467956543
883 -19.257452392578
884 -11.848883056641
885 -2.14523925781197
886 3.95372924804701
887 5.817468261719
888 5.33526000976605
889 2.48238525390605
890 -1.735113525391
891 -7.53195800781197
892 -15.452825927734
893 -20.622625732422
894 -22.386602783203
895 -21.248403930664
896 -12.914587402344
897 -1.74420776367197
898 4.04512939453105
899 6.11623535156201
900 5.863366699219
901 2.61446533203105
902 -1.92319335937498
903 -7.39554443359395
904 -13.952185058594
905 -19.780889892578
906 -22.207464599609
907 -19.171865844727
908 -11.768591308594
909 -1.446203613281
910 4.19973144531201
911 6.35500488281201
912 5.49898681640605
913 2.500482177734
914 -2.17502441406197
915 -7.544195556641
916 -14.393103027344
917 -20.718771362305
918 -21.119055175781
919 -18.451971435547
920 -11.751226806641
921 -1.76340332031197
922 4.00029907226605
923 6.42498168945303
924 5.99093017578105
925 2.85772094726605
926 -1.93662109374998
927 -6.866949462891
928 -14.916693115234
929 -20.969137573242
930 -23.32073059082
931 -19.777624511719
932 -11.438269042969
933 -1.74518432617197
934 3.87935791015605
935 6.03765258789105
936 5.87072143554701
937 2.93078002929701
938 -1.403723144531
939 -7.01279296874998
940 -14.131750488281
941 -19.10344543457
942 -22.259573364258
943 -18.768759155273
944 -10.766821289062
945 -1.272131347656
946 4.359948730469
947 6.558831787109
948 6.39663085937502
949 2.92864379882803
950 -1.26273193359395
951 -7.09409179687498
952 -13.144171142578
953 -19.82643737793
954 -21.03053894043
955 -20.24211730957
956 -11.89951171875
957 -1.22077026367197
958 3.96807250976605
959 6.273431396484
960 6.005120849609
961 2.41872558593803
962 -1.57459106445299
963 -7.217535400391
964 -13.555181884766
965 -19.068411254883
966 -21.21559753418
967 -19.180075073242
968 -11.337652587891
969 -1.89084472656197
970 4.25353393554701
971 6.33175048828105
972 6.19500122070303
973 3.08916625976605
974 -1.91696777343799
975 -7.005621337891
976 -12.933477783203
977 -18.350531005859
978 -20.806402587891
979 -18.778036499023
980 -11.564794921875
981 -1.56235351562498
982 3.99724731445303
983 6.40496215820303
984 5.64809570312502
985 2.93389282226605
986 -1.43616333007799
987 -5.72131958007799
988 -12.855596923828
989 -18.642492675781
990 -20.870581054688
991 -18.668676757812
992 -10.984747314453
993 -1.04303588867197
994 4.55919799804701
995 6.750726318359
996 6.52178344726605
997 3.03981933593803
998 -1.05130615234395
999 -6.23663940429697
1000 -13.30185546875
1001 -18.294104003906
1002 -21.295263671875
1003 -20.092092895508
1004 -11.235052490234
1005 -1.93280639648395
1006 4.44814453125002
1007 6.703942871094
1008 5.968743896484
1009 2.66274414062502
1010 -1.53864135742197
1011 -6.78366699218799
1012 -12.272283935547
1013 -18.887152099609
1014 -20.784201049805
1015 -17.903356933594
1016 -10.686193847656
1017 -1.185552978516
1018 3.78432617187502
1019 6.99718627929701
1020 6.44390258789105
1021 3.03753051757803
1022 -1.30872192382799
1023 -6.44055786132799
1024 -12.639013671875
1025 -18.123510742188
1026 -20.260244750977
1027 -16.53916015625
1028 -10.477575683594
1029 -0.940924072266
1030 4.35802612304701
1031 7.24355468750002
1032 6.51882324218803
1033 3.31936035156201
1034 -0.534979248046966
1035 -6.40286865234395
1036 -11.864813232422
1037 -17.890447998047
1038 -20.452383422852
1039 -18.298498535156
1040 -10.866827392578
1041 -0.852911376952989
1042 4.280999755859
1043 6.870355224609
1044 6.49627075195303
1045 3.742517089844
1046 -0.849584960937989
1047 -5.65076293945299
1048 -12.452490234375
1049 -17.279837036133
1050 -18.970892333984
1051 -18.236013793945
1052 -10.202978515625
1053 -0.719244384766
1054 4.12447509765605
1055 7.54879150390605
1056 6.86992797851605
1057 3.55303344726605
1058 -0.484930419921966
1059 -5.13651123046895
1060 -11.538610839844
1061 -17.552862548828
1062 -20.129202270508
1063 -18.750402832031
1064 -10.579504394531
1065 -1.05277099609395
1066 4.30010375976605
1067 6.64919433593803
1068 6.49685058593803
1069 3.35054931640605
1070 -1.05512084960895
1071 -5.24802246093799
1072 -11.409246826172
1073 -17.399237060547
1074 -19.592153930664
1075 -18.331625366211
1076 -10.633947753906
1077 -1.05649414062498
1078 4.854974365234
1079 7.37990722656201
1080 6.674798583984
1081 3.40993652343803
1082 -0.878576660156
1083 -5.58786621093799
1084 -10.886633300781
1085 -17.300253295898
1086 -20.129705810547
1087 -19.091177368164
1088 -9.871588134766
1089 -1.158605957031
1090 4.31740722656201
1091 7.02257690429701
1092 6.56554565429701
1093 3.79610595703105
1094 -0.870581054687989
1095 -4.55365600585895
1096 -9.835119628906
1097 -16.292974853516
1098 -20.068411254883
1099 -18.142752075195
1100 -9.524908447266
1101 -0.684912109374977
1102 4.46145019531201
1103 7.40691528320303
1104 7.16384277343803
1105 3.97051391601605
1106 0.102380371094
1107 -4.569342041016
1108 -10.847631835938
1109 -16.230993652344
1110 -19.428518676758
1111 -18.47307434082
1112 -10.223974609375
1113 -0.954870605468955
1114 4.484368896484
1115 7.42092285156201
1116 6.86834106445303
1117 3.87380371093803
1118 -0.439764404296966
1119 -4.97312011718799
1120 -10.410101318359
1121 -16.737249755859
1122 -19.427877807617
1123 -17.079656982422
1124 -9.31555786132799
1125 -1.13937988281197
1126 4.56936035156201
1127 7.86852416992201
1128 7.13726196289105
1129 3.95333251953105
1130 -0.0423950195309999
1131 -4.63034667968799
1132 -10.057348632812
1133 -16.777685546875
1134 -18.623007202148
1135 -17.079260253906
1136 -9.76898803710895
1137 -0.751989746093955
1138 4.96340332031201
1139 7.55690917968803
1140 7.238519287109
1141 4.08672485351605
1142 -0.416510009766
1143 -4.45773925781197
1144 -10.043707275391
1145 -15.919897460938
1146 -18.258032226562
1147 -17.052038574219
1148 -10.022100830078
1149 -0.758642578124977
1150 4.55129394531201
1151 7.48635253906201
1152 7.28203735351605
1153 4.46529541015605
1154 0.0542846679690001
1155 -3.98883666992197
1156 -8.48889770507799
1157 -14.522497558594
1158 -18.281103515625
1159 -16.390814208984
1160 -9.348394775391
1161 -0.332891845702989
1162 5.18062744140605
1163 7.75548706054701
1164 7.49578247070303
1165 4.15148315429701
1166 0.0866943359380343
1167 -4.305822753906
1168 -8.84531249999998
1169 -14.387182617188
1170 -18.104879760742
1171 -15.706457519531
1172 -9.70831909179697
1173 -0.380316162108954
1174 4.79897460937502
1175 8.033441162109
1176 7.520745849609
1177 4.48565063476605
1178 -0.197424316406
1179 -3.94055786132799
1180 -8.556402587891
1181 -16.165258789062
1182 -17.996221923828
1183 -16.170935058594
1184 -9.089514160156
1185 0.218774414062011
1186 5.27871093750002
1187 8.11705932617201
1188 7.68007812500002
1189 4.51192626953105
1190 -0.105810546874977
1191 -3.94785156249998
1192 -9.48789062499998
1193 -16.016943359375
1194 -17.964376831055
1195 -16.603552246094
1196 -8.63336791992197
1197 -0.0841125488279886
1198 5.164880371094
1199 7.48604736328105
1200 7.070153808594
1201 4.45314941406201
1202 0.156396484375023
1203 -3.895513916016
1204 -8.53781738281197
1205 -14.656103515625
1206 -18.493231201172
1207 -15.459478759766
1208 -9.18903198242197
1209 -0.404974365233954
1210 4.67156372070303
1211 7.854821777344
1212 7.63491210937502
1213 4.493402099609
1214 0.305871582031045
1215 -3.89716186523395
1216 -8.63095703124998
1217 -14.093420410156
1218 -17.279852294922
1219 -15.425634765625
1220 -8.290045166016
1221 -0.272802734374977
1222 4.81426391601605
1223 8.034417724609
1224 7.61040649414105
1225 4.609948730469
1226 0.103234863281045
1227 -3.08972778320299
1228 -8.03241577148395
1229 -14.514379882812
1230 -17.344000244141
1231 -16.634497070312
1232 -8.49558105468799
1233 0.184533691406045
1234 5.02062377929701
1235 8.140954589844
1236 7.74419555664105
1237 4.75783691406201
1238 0.768548583984
1239 -3.28485717773395
1240 -8.29550781249998
1241 -12.731024169922
1242 -16.314886474609
1243 -14.702795410156
1244 -9.04862060546895
1245 -0.111822509766
1246 5.14043579101605
1247 8.49288330078105
1248 7.63683471679701
1249 4.41753540039105
1250 0.509027099609
1251 -3.45789184570299
1252 -8.38791503906197
1253 -13.643408203125
1254 -17.832022094727
1255 -15.861547851562
1256 -8.96564331054697
1257 -0.277441406249977
1258 5.28991088867201
1259 8.51427612304701
1260 8.16887817382803
1261 5.033532714844
1262 0.444421386719
1263 -3.15476074218799
1264 -7.89847412109395
1265 -12.606848144531
1266 -17.123510742188
1267 -15.609655761719
1268 -8.97189941406197
1269 -0.107092285156
1270 5.320642089844
1271 8.53688964843803
1272 7.77031860351605
1273 4.81072387695303
1274 0.742730712891046
1275 -3.830084228516
1276 -8.26547851562498
1277 -12.892431640625
1278 -15.971807861328
1279 -14.675268554688
1280 -8.36264648437498
1281 0.336450195312011
1282 5.33257446289105
1283 8.42348632812502
1284 7.829187011719
1285 4.751550292969
1286 0.619592285156045
1287 -3.45676269531197
1288 -8.10480346679697
1289 -12.732153320312
1290 -15.763098144531
1291 -15.311743164062
1292 -8.62140502929697
1293 -0.0761474609379889
1294 5.652673339844
1295 8.64153442382803
1296 8.18474731445303
1297 4.76452026367201
1298 0.839318847656045
1299 -2.97345581054697
1300 -6.94046630859395
1301 -12.359777832031
1302 -16.619360351562
1303 -15.2876953125
1304 -8.76410522460895
1305 -0.544836425781
1306 5.27761230468803
1307 8.54064331054701
1308 8.035638427734
1309 4.99849853515605
1310 0.769769287109
1311 -3.029058837891
1312 -7.87488403320299
1313 -12.854895019531
1314 -16.199041748047
1315 -15.017736816406
1316 -8.83164062499998
1317 -0.518560791016
1318 5.76427612304701
1319 8.918939208984
1320 7.86284790039105
1321 5.25347290039105
1322 0.802941894531045
1323 -3.167639160156
1324 -6.99164428710895
1325 -11.634924316406
1326 -15.917974853516
1327 -14.081610107422
1328 -7.88995971679697
1329 0.596154785156045
1330 5.87511596679701
1331 8.95314941406201
1332 8.54097900390605
1333 4.98977050781201
1334 1.10518798828105
1335 -2.61899414062498
1336 -5.99347534179697
1337 -11.863195800781
1338 -15.179632568359
1339 -15.283514404297
1340 -7.71448364257799
1341 0.767236328125023
1342 5.62676391601605
1343 8.960443115234
1344 8.48842773437502
1345 5.91466674804701
1346 1.17012939453105
1347 -2.11566772460895
1348 -6.16702880859395
1349 -11.046942138672
1350 -14.896917724609
1351 -14.022589111328
1352 -8.09396972656197
1353 0.180139160156045
1354 5.56450805664105
1355 8.96669921875002
1356 8.38561401367201
1357 5.083581542969
1358 1.256677246094
1359 -2.705816650391
1360 -6.33005371093799
1361 -11.760809326172
1362 -15.644903564453
1363 -14.770086669922
1364 -7.71286621093799
1365 0.559686279297011
1366 5.69301757812502
1367 8.77980957031201
1368 8.327630615234
1369 5.35659179687502
1370 1.07994995117201
1371 -2.62335815429697
1372 -6.16815795898395
1373 -10.497930908203
1374 -16.348852539062
1375 -13.714666748047
1376 -7.57465209960895
1377 0.540063476562011
1378 5.479821777344
1379 8.65850219726605
1380 8.43059692382803
1381 5.45977172851605
1382 1.59014282226605
1383 -2.29318847656197
1384 -5.83783569335895
1385 -10.42783203125
1386 -15.197729492188
1387 -13.565496826172
1388 -7.05457153320299
1389 0.468865966797011
1390 6.280358886719
1391 9.12957153320303
1392 8.442712402344
1393 5.14174804687502
1394 1.478753662109
1395 -2.34079589843799
1396 -6.27127685546895
1397 -12.169622802734
1398 -14.588232421875
1399 -14.232977294922
1400 -7.015051269531
1401 0.824090576172011
1402 5.97356567382803
1403 8.99337158203105
1404 8.21788940429701
1405 5.08721313476605
1406 1.22466430664105
1407 -2.163244628906
1408 -5.97492065429697
1409 -11.597143554688
1410 -15.301794433594
1411 -14.067388916016
1412 -7.974615478516
1413 0.625665283203034
1414 6.43181762695303
1415 9.64205322265605
1416 8.67949829101605
1417 5.60170898437502
1418 1.25307617187502
1419 -1.87601318359395
1420 -5.41077270507799
1421 -10.359716796875
1422 -14.054144287109
1423 -12.548803710938
1424 -6.782232666016
1425 1.07888183593803
1426 6.26891479492201
1427 9.838464355469
1428 9.48473510742201
1429 5.537194824219
1430 1.444329833984
1431 -2.72907104492197
1432 -5.63977661132799
1433 -10.284552001953
1434 -13.942083740234
1435 -13.837622070312
1436 -6.80286254882799
1437 1.11513671875002
1438 6.53435668945303
1439 9.48577270507803
1440 8.862298583984
1441 5.78960571289105
1442 1.67296752929701
1443 -1.76279296874998
1444 -4.59555664062498
1445 -9.02484741210895
1446 -12.305731201172
1447 -11.944738769531
1448 -6.377447509766
1449 0.703485107422011
1450 6.21911010742201
1451 9.782708740234
1452 9.05523071289105
1453 5.80040893554701
1454 1.88909301757803
1455 -1.72702636718799
1456 -5.39627685546895
1457 -9.78156127929697
1458 -15.265081787109
1459 -12.725897216797
1460 -6.75717773437498
1461 1.012445068359
1462 5.698083496094
1463 9.26616821289105
1464 9.10952148437502
1465 5.89174804687502
1466 1.724694824219
1467 -1.883703613281
1468 -5.59177246093799
1469 -9.750402832031
1470 -13.598211669922
1471 -12.715948486328
1472 -6.86316528320299
1473 0.836724853516046
1474 6.327142333984
1475 9.62539062500002
1476 8.92290649414105
1477 5.46099243164105
1478 1.59563598632803
1479 -1.998541259766
1480 -5.28220214843799
1481 -9.33197631835895
1482 -12.40048828125
1483 -11.929174804688
1484 -5.84680786132799
1485 1.42955932617201
1486 6.462152099609
1487 9.38829956054701
1488 8.82448730468803
1489 6.01015625000002
1490 2.06423339843803
1491 -1.23605957031197
1492 -5.04007568359395
1493 -8.44562377929697
1494 -11.704656982422
1495 -11.217596435547
1496 -6.39911499023395
1497 1.472406005859
1498 6.79699096679701
1499 9.69121704101605
1500 8.96294555664105
1501 5.91207275390605
1502 1.95446166992201
1503 -1.476965332031
1504 -5.12848510742197
1505 -8.48737182617197
1506 -12.214453125
1507 -11.90830078125
1508 -6.10339965820299
1509 0.952325439453034
1510 6.41378173828105
1511 10.072839355469
1512 9.55730590820303
1513 5.83730468750002
1514 1.81841430664105
1515 -1.48856201171895
1516 -4.46112670898395
1517 -8.21604003906197
1518 -11.907995605469
1519 -11.220983886719
1520 -5.98142089843799
1521 1.299401855469
1522 6.57222900390605
1523 9.763421630859
1524 9.36925659179701
1525 6.07637939453105
1526 2.15889892578105
1527 -1.58649291992197
1528 -4.25717773437498
1529 -8.291021728516
1530 -12.161108398438
1531 -11.459173583984
1532 -5.71585693359395
1533 1.16472778320303
1534 6.47301635742201
1535 9.653894042969
1536 9.60039672851605
1537 6.18438110351605
1538 2.22109375000002
1539 -1.48505249023395
1540 -4.10605468749998
1541 -7.90167846679697
1542 -11.947760009766
1543 -11.811956787109
1544 -6.44324340820299
1545 1.17168579101605
1546 6.58730468750002
1547 10.023065185547
1548 9.34417114257803
1549 5.96950683593803
1550 2.26259765625002
1551 -1.024420166016
1552 -4.34284057617197
1553 -7.99457397460895
1554 -13.209509277344
1555 -11.937658691406
1556 -5.72455444335895
1557 0.811669921875023
1558 7.162927246094
1559 10.407586669922
1560 9.33770141601605
1561 6.58013305664105
1562 2.237145996094
1563 -1.189611816406
1564 -4.601568603516
1565 -8.33222045898395
1566 -11.63193359375
1567 -11.941107177734
1568 -6.24371948242197
1569 1.38601074218803
1570 6.797601318359
1571 10.257196044922
1572 10.027795410156
1573 6.42125854492201
1574 2.23525390625002
1575 -1.04575195312498
1576 -4.06857910156197
1577 -8.083990478516
1578 -12.061010742188
1579 -11.019445800781
1580 -5.44321289062498
1581 1.50979003906201
1582 6.97081909179701
1583 10.552850341797
1584 9.77117309570303
1585 6.665521240234
1586 2.60793457031201
1587 -1.16165771484395
1588 -3.235357666016
1589 -6.600744628906
1590 -10.626776123047
1591 -10.568212890625
1592 -5.47235717773395
1593 1.52300415039105
1594 7.43380126953105
1595 10.514947509766
1596 9.58892211914105
1597 6.87099609375002
1598 2.59819946289105
1599 -1.07111206054697
1600 -3.50238647460895
1601 -6.28162231445299
1602 -10.172155761719
1603 -10.230383300781
1604 -5.450933837891
1605 1.55605468750002
1606 7.03511962890605
1607 10.651971435547
1608 9.50744018554701
1609 6.806970214844
1610 2.69973144531201
1611 -0.662786865233954
1612 -3.506750488281
1613 -7.22458496093799
1614 -10.271612548828
1615 -10.470343017578
1616 -4.80512084960895
1617 2.40215454101605
1618 7.47854003906201
1619 10.442254638672
1620 9.600823974609
