1620
1 0.069
2 0.128
3 0.190
4 0.388
5 0.388
6 0.388
7 0.388
8 0.391
9 0.430
10 0.430
11 0.430
12 0.430
13 0.069
14 0.128
15 0.190
16 0.388
17 0.388
18 0.388
19 0.388
20 0.391
21 0.430
22 0.430
23 0.430
24 0.430
25 0.069
26 0.128
27 0.190
28 0.388
29 0.388
30 0.388
31 0.388
32 0.391
33 0.430
34 0.430
35 0.430
36 0.430
37 0.069
38 0.128
39 0.190
40 0.388
41 0.388
42 0.388
43 0.388
44 0.391
45 0.430
46 0.430
47 0.430
48 0.430
49 0.069
50 0.128
51 0.190
52 0.388
53 0.388
54 0.388
55 0.388
56 0.391
57 0.430
58 0.430
59 0.430
60 0.430
61 0.069
62 0.128
63 0.190
64 0.388
65 0.388
66 0.388
67 0.388
68 0.391
69 0.430
70 0.430
71 0.430
72 0.430
73 0.069
74 0.128
75 0.190
76 0.388
77 0.388
78 0.388
79 0.388
80 0.391
81 0.430
82 0.430
83 0.430
84 0.430
85 0.069
86 0.128
87 0.190
88 0.388
89 0.388
90 0.388
91 0.388
92 0.391
93 0.430
94 0.430
95 0.430
96 0.430
97 0.069
98 0.128
99 0.190
100 0.388
101 0.388
102 0.388
103 0.388
104 0.391
105 0.430
106 0.430
107 0.430
108 0.430
109 0.069
110 0.128
111 0.190
112 0.388
113 0.388
114 0.388
115 0.388
116 0.391
117 0.430
118 0.430
119 0.430
120 0.430
121 0.069
122 0.128
123 0.190
124 0.388
125 0.388
126 0.388
127 0.388
128 0.391
129 0.430
130 0.430
131 0.430
132 0.430
133 0.069
134 0.128
135 0.190
136 0.388
137 0.388
138 0.388
139 0.388
140 0.391
141 0.430
142 0.430
143 0.430
144 0.430
145 0.069
146 0.128
147 0.190
148 0.388
149 0.388
150 0.388
151 0.388
152 0.391
153 0.430
154 0.430
155 0.430
156 0.430
157 0.069
158 0.128
159 0.190
160 0.388
161 0.388
162 0.388
163 0.388
164 0.391
165 0.430
166 0.430
167 0.430
168 0.430
169 0.069
170 0.128
171 0.190
172 0.388
173 0.388
174 0.388
175 0.388
176 0.391
177 0.430
178 0.430
179 0.430
180 0.430
181 0.069
182 0.128
183 0.190
184 0.388
185 0.388
186 0.388
187 0.388
188 0.391
189 0.430
190 0.430
191 0.430
192 0.430
193 0.069
194 0.128
195 0.190
196 0.388
197 0.388
198 0.388
199 0.388
200 0.391
201 0.430
202 0.430
203 0.430
204 0.430
205 0.069
206 0.128
207 0.190
208 0.388
209 0.388
210 0.388
211 0.388
212 0.391
213 0.430
214 0.430
215 0.430
216 0.430
217 0.069
218 0.128
219 0.190
220 0.388
221 0.388
222 0.388
223 0.388
224 0.391
225 0.430
226 0.430
227 0.430
228 0.430
229 0.069
230 0.128
231 0.190
232 0.388
233 0.388
234 0.388
235 0.388
236 0.391
237 0.430
238 0.430
239 0.430
240 0.430
241 0.069
242 0.128
243 0.190
244 0.388
245 0.388
246 0.388
247 0.388
248 0.391
249 0.430
250 0.430
251 0.430
252 0.430
253 0.069
254 0.128
255 0.190
256 0.388
257 0.388
258 0.388
259 0.388
260 0.391
261 0.430
262 0.430
263 0.430
264 0.430
265 0.069
266 0.128
267 0.190
268 0.388
269 0.388
270 0.388
271 0.388
272 0.391
273 0.430
274 0.430
275 0.430
276 0.430
277 0.069
278 0.128
279 0.190
280 0.388
281 0.388
282 0.388
283 0.388
284 0.391
285 0.430
286 0.430
287 0.430
288 0.430
289 0.069
290 0.128
291 0.190
292 0.388
293 0.388
294 0.388
295 0.388
296 0.391
297 0.430
298 0.430
299 0.430
300 0.430
301 0.069
302 0.128
303 0.190
304 0.388
305 0.388
306 0.388
307 0.388
308 0.391
309 0.430
310 0.430
311 0.430
312 0.430
313 0.069
314 0.128
315 0.190
316 0.388
317 0.388
318 0.388
319 0.388
320 0.391
321 0.430
322 0.430
323 0.430
324 0.430
325 0.069
326 0.128
327 0.190
328 0.388
329 0.388
330 0.388
331 0.388
332 0.391
333 0.430
334 0.430
335 0.430
336 0.430
337 0.069
338 0.128
339 0.190
340 0.388
341 0.388
342 0.388
343 0.388
344 0.391
345 0.430
346 0.430
347 0.430
348 0.430
349 0.069
350 0.128
351 0.190
352 0.388
353 0.388
354 0.388
355 0.388
356 0.391
357 0.430
358 0.430
359 0.430
360 0.430
361 0.069
362 0.128
363 0.190
364 0.388
365 0.388
366 0.388
367 0.388
368 0.391
369 0.430
370 0.430
371 0.430
372 0.430
373 0.069
374 0.128
375 0.190
376 0.388
377 0.388
378 0.388
379 0.388
380 0.391
381 0.430
382 0.430
383 0.430
384 0.430
385 0.069
386 0.128
387 0.190
388 0.388
389 0.388
390 0.388
391 0.388
392 0.391
393 0.430
394 0.430
395 0.430
396 0.430
397 0.069
398 0.128
399 0.190
400 0.388
401 0.388
402 0.388
403 0.388
404 0.391
405 0.430
406 0.430
407 0.430
408 0.430
409 0.069
410 0.128
411 0.190
412 0.388
413 0.388
414 0.388
415 0.388
416 0.391
417 0.430
418 0.430
419 0.430
420 0.430
421 0.069
422 0.128
423 0.190
424 0.388
425 0.388
426 0.388
427 0.388
428 0.391
429 0.430
430 0.430
431 0.430
432 0.430
433 0.069
434 0.128
435 0.190
436 0.388
437 0.388
438 0.388
439 0.388
440 0.391
441 0.430
442 0.430
443 0.430
444 0.430
445 0.069
446 0.128
447 0.190
448 0.388
449 0.388
450 0.388
451 0.388
452 0.391
453 0.430
454 0.430
455 0.430
456 0.430
457 0.069
458 0.128
459 0.190
460 0.388
461 0.388
462 0.388
463 0.388
464 0.391
465 0.430
466 0.430
467 0.430
468 0.430
469 0.069
470 0.128
471 0.190
472 0.388
473 0.388
474 0.388
475 0.388
476 0.391
477 0.430
478 0.430
479 0.430
480 0.430
481 0.069
482 0.128
483 0.190
484 0.388
485 0.388
486 0.388
487 0.388
488 0.391
489 0.430
490 0.430
491 0.430
492 0.430
493 0.069
494 0.128
495 0.190
496 0.388
497 0.388
498 0.388
499 0.388
500 0.391
501 0.430
502 0.430
503 0.430
504 0.430
505 0.069
506 0.128
507 0.190
508 0.388
509 0.388
510 0.388
511 0.388
512 0.391
513 0.430
514 0.430
515 0.430
516 0.430
517 0.069
518 0.128
519 0.190
520 0.388
521 0.388
522 0.388
523 0.388
524 0.391
525 0.430
526 0.430
527 0.430
528 0.430
529 0.069
530 0.128
531 0.190
532 0.388
533 0.388
534 0.388
535 0.388
536 0.391
537 0.430
538 0.430
539 0.430
540 0.430
541 0.069
542 0.128
543 0.190
544 0.388
545 0.388
546 0.388
547 0.388
548 0.391
549 0.430
550 0.430
551 0.430
552 0.430
553 0.069
554 0.128
555 0.190
556 0.388
557 0.388
558 0.388
559 0.388
560 0.391
561 0.430
562 0.430
563 0.430
564 0.430
565 0.069
566 0.128
567 0.190
568 0.388
569 0.388
570 0.388
571 0.388
572 0.391
573 0.430
574 0.430
575 0.430
576 0.430
577 0.069
578 0.128
579 0.190
580 0.388
581 0.388
582 0.388
583 0.388
584 0.391
585 0.430
586 0.430
587 0.430
588 0.430
589 0.069
590 0.128
591 0.190
592 0.388
593 0.388
594 0.388
595 0.388
596 0.391
597 0.430
598 0.430
599 0.430
600 0.430
601 0.069
602 0.128
603 0.190
604 0.388
605 0.388
606 0.388
607 0.388
608 0.391
609 0.430
610 0.430
611 0.430
612 0.430
613 0.069
614 0.128
615 0.190
616 0.388
617 0.388
618 0.388
619 0.388
620 0.391
621 0.430
622 0.430
623 0.430
624 0.430
625 0.069
626 0.128
627 0.190
628 0.388
629 0.388
630 0.388
631 0.388
632 0.391
633 0.430
634 0.430
635 0.430
636 0.430
637 0.069
638 0.128
639 0.190
640 0.388
641 0.388
642 0.388
643 0.388
644 0.391
645 0.430
646 0.430
647 0.430
648 0.430
649 0.069
650 0.128
651 0.190
652 0.388
653 0.388
654 0.388
655 0.388
656 0.391
657 0.430
658 0.430
659 0.430
660 0.430
661 0.069
662 0.128
663 0.190
664 0.388
665 0.388
666 0.388
667 0.388
668 0.391
669 0.430
670 0.430
671 0.430
672 0.430
673 0.069
674 0.128
675 0.190
676 0.388
677 0.388
678 0.388
679 0.388
680 0.391
681 0.430
682 0.430
683 0.430
684 0.430
685 0.069
686 0.128
687 0.190
688 0.388
689 0.388
690 0.388
691 0.388
692 0.391
693 0.430
694 0.430
695 0.430
696 0.430
697 0.069
698 0.128
699 0.190
700 0.388
701 0.388
702 0.388
703 0.388
704 0.391
705 0.430
706 0.430
707 0.430
708 0.430
709 0.069
710 0.128
711 0.190
712 0.388
713 0.388
714 0.388
715 0.388
716 0.391
717 0.430
718 0.430
719 0.430
720 0.430
721 0.069
722 0.128
723 0.190
724 0.388
725 0.388
726 0.388
727 0.388
728 0.391
729 0.430
730 0.430
731 0.430
732 0.430
733 0.069
734 0.128
735 0.190
736 0.388
737 0.388
738 0.388
739 0.388
740 0.391
741 0.430
742 0.430
743 0.430
744 0.430
745 0.069
746 0.128
747 0.190
748 0.388
749 0.388
750 0.388
751 0.388
752 0.391
753 0.430
754 0.430
755 0.430
756 0.430
757 0.069
758 0.128
759 0.190
760 0.388
761 0.388
762 0.388
763 0.388
764 0.391
765 0.430
766 0.430
767 0.430
768 0.430
769 0.069
770 0.128
771 0.190
772 0.388
773 0.388
774 0.388
775 0.388
776 0.391
777 0.430
778 0.430
779 0.430
780 0.430
781 0.069
782 0.128
783 0.190
784 0.388
785 0.388
786 0.388
787 0.388
788 0.391
789 0.430
790 0.430
791 0.430
792 0.430
793 0.069
794 0.128
795 0.190
796 0.388
797 0.388
798 0.388
799 0.388
800 0.391
801 0.430
802 0.430
803 0.430
804 0.430
805 0.069
806 0.128
807 0.190
808 0.388
809 0.388
810 0.388
811 0.388
812 0.391
813 0.430
814 0.430
815 0.430
816 0.430
817 0.069
818 0.128
819 0.190
820 0.388
821 0.388
822 0.388
823 0.388
824 0.391
825 0.430
826 0.430
827 0.430
828 0.430
829 0.069
830 0.128
831 0.190
832 0.388
833 0.388
834 0.388
835 0.388
836 0.391
837 0.430
838 0.430
839 0.430
840 0.430
841 0.069
842 0.128
843 0.190
844 0.388
845 0.388
846 0.388
847 0.388
848 0.391
849 0.430
850 0.430
851 0.430
852 0.430
853 0.069
854 0.128
855 0.190
856 0.388
857 0.388
858 0.388
859 0.388
860 0.391
861 0.430
862 0.430
863 0.430
864 0.430
865 0.069
866 0.128
867 0.190
868 0.388
869 0.388
870 0.388
871 0.388
872 0.391
873 0.430
874 0.430
875 0.430
876 0.430
877 0.069
878 0.128
879 0.190
880 0.388
881 0.388
882 0.388
883 0.388
884 0.391
885 0.430
886 0.430
887 0.430
888 0.430
889 0.069
890 0.128
891 0.190
892 0.388
893 0.388
894 0.388
895 0.388
896 0.391
897 0.430
898 0.430
899 0.430
900 0.430
901 0.069
902 0.128
903 0.190
904 0.388
905 0.388
906 0.388
907 0.388
908 0.391
909 0.430
910 0.430
911 0.430
912 0.430
913 0.069
914 0.128
915 0.190
916 0.388
917 0.388
918 0.388
919 0.388
920 0.391
921 0.430
922 0.430
923 0.430
924 0.430
925 0.069
926 0.128
927 0.190
928 0.388
929 0.388
930 0.388
931 0.388
932 0.391
933 0.430
934 0.430
935 0.430
936 0.430
937 0.069
938 0.128
939 0.190
940 0.388
941 0.388
942 0.388
943 0.388
944 0.391
945 0.430
946 0.430
947 0.430
948 0.430
949 0.069
950 0.128
951 0.190
952 0.388
953 0.388
954 0.388
955 0.388
956 0.391
957 0.430
958 0.430
959 0.430
960 0.430
961 0.069
962 0.128
963 0.190
964 0.388
965 0.388
966 0.388
967 0.388
968 0.391
969 0.430
970 0.430
971 0.430
972 0.430
973 0.069
974 0.128
975 0.190
976 0.388
977 0.388
978 0.388
979 0.388
980 0.391
981 0.430
982 0.430
983 0.430
984 0.430
985 0.069
986 0.128
987 0.190
988 0.388
989 0.388
990 0.388
991 0.388
992 0.391
993 0.430
994 0.430
995 0.430
996 0.430
997 0.069
998 0.128
999 0.190
1000 0.388
1001 0.388
1002 0.388
1003 0.388
1004 0.391
1005 0.430
1006 0.430
1007 0.430
1008 0.430
1009 0.069
1010 0.128
1011 0.190
1012 0.388
1013 0.388
1014 0.388
1015 0.388
1016 0.391
1017 0.430
1018 0.430
1019 0.430
1020 0.430
1021 0.069
1022 0.128
1023 0.190
1024 0.388
1025 0.388
1026 0.388
1027 0.388
1028 0.391
1029 0.430
1030 0.430
1031 0.430
1032 0.430
1033 0.069
1034 0.128
1035 0.190
1036 0.388
1037 0.388
1038 0.388
1039 0.388
1040 0.391
1041 0.430
1042 0.430
1043 0.430
1044 0.430
1045 0.069
1046 0.128
1047 0.190
1048 0.388
1049 0.388
1050 0.388
1051 0.388
1052 0.391
1053 0.430
1054 0.430
1055 0.430
1056 0.430
1057 0.069
1058 0.128
1059 0.190
1060 0.388
1061 0.388
1062 0.388
1063 0.388
1064 0.391
1065 0.430
1066 0.430
1067 0.430
1068 0.430
1069 0.069
1070 0.128
1071 0.190
1072 0.388
1073 0.388
1074 0.388
1075 0.388
1076 0.391
1077 0.430
1078 0.430
1079 0.430
1080 0.430
1081 0.069
1082 0.128
1083 0.190
1084 0.388
1085 0.388
1086 0.388
1087 0.388
1088 0.391
1089 0.430
1090 0.430
1091 0.430
1092 0.430
1093 0.069
1094 0.128
1095 0.190
1096 0.388
1097 0.388
1098 0.388
1099 0.388
1100 0.391
1101 0.430
1102 0.430
1103 0.430
1104 0.430
1105 0.069
1106 0.128
1107 0.190
1108 0.388
1109 0.388
1110 0.388
1111 0.388
1112 0.391
1113 0.430
1114 0.430
1115 0.430
1116 0.430
1117 0.069
1118 0.128
1119 0.190
1120 0.388
1121 0.388
1122 0.388
1123 0.388
1124 0.391
1125 0.430
1126 0.430
1127 0.430
1128 0.430
1129 0.069
1130 0.128
1131 0.190
1132 0.388
1133 0.388
1134 0.388
1135 0.388
1136 0.391
1137 0.430
1138 0.430
1139 0.430
1140 0.430
1141 0.069
1142 0.128
1143 0.190
1144 0.388
1145 0.388
1146 0.388
1147 0.388
1148 0.391
1149 0.430
1150 0.430
1151 0.430
1152 0.430
1153 0.069
1154 0.128
1155 0.190
1156 0.388
1157 0.388
1158 0.388
1159 0.388
1160 0.391
1161 0.430
1162 0.430
1163 0.430
1164 0.430
1165 0.069
1166 0.128
1167 0.190
1168 0.388
1169 0.388
1170 0.388
1171 0.388
1172 0.391
1173 0.430
1174 0.430
1175 0.430
1176 0.430
1177 0.069
1178 0.128
1179 0.190
1180 0.388
1181 0.388
1182 0.388
1183 0.388
1184 0.391
1185 0.430
1186 0.430
1187 0.430
1188 0.430
1189 0.069
1190 0.128
1191 0.190
1192 0.388
1193 0.388
1194 0.388
1195 0.388
1196 0.391
1197 0.430
1198 0.430
1199 0.430
1200 0.430
1201 0.069
1202 0.128
1203 0.190
1204 0.388
1205 0.388
1206 0.388
1207 0.388
1208 0.391
1209 0.430
1210 0.430
1211 0.430
1212 0.430
1213 0.069
1214 0.128
1215 0.190
1216 0.388
1217 0.388
1218 0.388
1219 0.388
1220 0.391
1221 0.430
1222 0.430
1223 0.430
1224 0.430
1225 0.069
1226 0.128
1227 0.190
1228 0.388
1229 0.388
1230 0.388
1231 0.388
1232 0.391
1233 0.430
1234 0.430
1235 0.430
1236 0.430
1237 0.069
1238 0.128
1239 0.190
1240 0.388
1241 0.388
1242 0.388
1243 0.388
1244 0.391
1245 0.430
1246 0.430
1247 0.430
1248 0.430
1249 0.069
1250 0.128
1251 0.190
1252 0.388
1253 0.388
1254 0.388
1255 0.388
1256 0.391
1257 0.430
1258 0.430
1259 0.430
1260 0.430
1261 0.069
1262 0.128
1263 0.190
1264 0.388
1265 0.388
1266 0.388
1267 0.388
1268 0.391
1269 0.430
1270 0.430
1271 0.430
1272 0.430
1273 0.069
1274 0.128
1275 0.190
1276 0.388
1277 0.388
1278 0.388
1279 0.388
1280 0.391
1281 0.430
1282 0.430
1283 0.430
1284 0.430
1285 0.069
1286 0.128
1287 0.190
1288 0.388
1289 0.388
1290 0.388
1291 0.388
1292 0.391
1293 0.430
1294 0.430
1295 0.430
1296 0.430
1297 0.069
1298 0.128
1299 0.190
1300 0.388
1301 0.388
1302 0.388
1303 0.388
1304 0.391
1305 0.430
1306 0.430
1307 0.430
1308 0.430
1309 0.069
1310 0.128
1311 0.190
1312 0.388
1313 0.388
1314 0.388
1315 0.388
1316 0.391
1317 0.430
1318 0.430
1319 0.430
1320 0.430
1321 0.069
1322 0.128
1323 0.190
1324 0.388
1325 0.388
1326 0.388
1327 0.388
1328 0.391
1329 0.430
1330 0.430
1331 0.430
1332 0.430
1333 0.069
1334 0.128
1335 0.190
1336 0.388
1337 0.388
1338 0.388
1339 0.388
1340 0.391
1341 0.430
1342 0.430
1343 0.430
1344 0.430
1345 0.069
1346 0.128
1347 0.190
1348 0.388
1349 0.388
1350 0.388
1351 0.388
1352 0.391
1353 0.430
1354 0.430
1355 0.430
1356 0.430
1357 0.069
1358 0.128
1359 0.190
1360 0.388
1361 0.388
1362 0.388
1363 0.388
1364 0.391
1365 0.430
1366 0.430
1367 0.430
1368 0.430
1369 0.069
1370 0.128
1371 0.190
1372 0.388
1373 0.388
1374 0.388
1375 0.388
1376 0.391
1377 0.430
1378 0.430
1379 0.430
1380 0.430
1381 0.069
1382 0.128
1383 0.190
1384 0.388
1385 0.388
1386 0.388
1387 0.388
1388 0.391
1389 0.430
1390 0.430
1391 0.430
1392 0.430
1393 0.069
1394 0.128
1395 0.190
1396 0.388
1397 0.388
1398 0.388
1399 0.388
1400 0.391
1401 0.430
1402 0.430
1403 0.430
1404 0.430
1405 0.069
1406 0.128
1407 0.190
1408 0.388
1409 0.388
1410 0.388
1411 0.388
1412 0.391
1413 0.430
1414 0.430
1415 0.430
1416 0.430
1417 0.069
1418 0.128
1419 0.190
1420 0.388
1421 0.388
1422 0.388
1423 0.388
1424 0.391
1425 0.430
1426 0.430
1427 0.430
1428 0.430
1429 0.069
1430 0.128
1431 0.190
1432 0.388
1433 0.388
1434 0.388
1435 0.388
1436 0.391
1437 0.430
1438 0.430
1439 0.430
1440 0.430
1441 0.069
1442 0.128
1443 0.190
1444 0.388
1445 0.388
1446 0.388
1447 0.388
1448 0.391
1449 0.430
1450 0.430
1451 0.430
1452 0.430
1453 0.069
1454 0.128
1455 0.190
1456 0.388
1457 0.388
1458 0.388
1459 0.388
1460 0.391
1461 0.430
1462 0.430
1463 0.430
1464 0.430
1465 0.069
1466 0.128
1467 0.190
1468 0.388
1469 0.388
1470 0.388
1471 0.388
1472 0.391
1473 0.430
1474 0.430
1475 0.430
1476 0.430
1477 0.069
1478 0.128
1479 0.190
1480 0.388
1481 0.388
1482 0.388
1483 0.388
1484 0.391
1485 0.430
1486 0.430
1487 0.430
1488 0.430
1489 0.069
1490 0.128
1491 0.190
1492 0.388
1493 0.388
1494 0.388
1495 0.388
1496 0.391
1497 0.430
1498 0.430
1499 0.430
1500 0.430
1501 0.069
1502 0.128
1503 0.190
1504 0.388
1505 0.388
1506 0.388
1507 0.388
1508 0.391
1509 0.430
1510 0.430
1511 0.430
1512 0.430
1513 0.069
1514 0.128
1515 0.190
1516 0.388
1517 0.388
1518 0.388
1519 0.388
1520 0.391
1521 0.430
1522 0.430
1523 0.430
1524 0.430
1525 0.069
1526 0.128
1527 0.190
1528 0.388
1529 0.388
1530 0.388
1531 0.388
1532 0.391
1533 0.430
1534 0.430
1535 0.430
1536 0.430
1537 0.069
1538 0.128
1539 0.190
1540 0.388
1541 0.388
1542 0.388
1543 0.388
1544 0.391
1545 0.430
1546 0.430
1547 0.430
1548 0.430
1549 0.069
1550 0.128
1551 0.190
1552 0.388
1553 0.388
1554 0.388
1555 0.388
1556 0.391
1557 0.430
1558 0.430
1559 0.430
1560 0.430
1561 0.069
1562 0.128
1563 0.190
1564 0.388
1565 0.388
1566 0.388
1567 0.388
1568 0.391
1569 0.430
1570 0.430
1571 0.430
1572 0.430
1573 0.069
1574 0.128
1575 0.190
1576 0.388
1577 0.388
1578 0.388
1579 0.388
1580 0.391
1581 0.430
1582 0.430
1583 0.430
1584 0.430
1585 0.069
1586 0.128
1587 0.190
1588 0.388
1589 0.388
1590 0.388
1591 0.388
1592 0.391
1593 0.430
1594 0.430
1595 0.430
1596 0.430
1597 0.069
1598 0.128
1599 0.190
1600 0.388
1601 0.388
1602 0.388
1603 0.388
1604 0.391
1605 0.430
1606 0.430
1607 0.430
1608 0.430
1609 0.069
1610 0.128
1611 0.190
1612 0.388
1613 0.388
1614 0.388
1615 0.388
1616 0.391
1617 0.430
1618 0.430
1619 0.430
1620 0.430
