   1.0000000000000000     
  -1.0390991210939502     
  -1.0390717658607662     
  -1.0390447433614689     
  -1.0390180535974174     
  -1.0389916965699713     
  -1.0389656722804896     
  -1.0389399807303323     
  -1.0389146219208585     
  -1.0388895958534274     
  -1.0388649025293988     
  -1.0388405419501321     
  -1.0388165141169872     
  -1.0387928190313234     
  -1.0387694566945003     
  -1.0387464271078777     
  -1.0387237302728154     
  -1.0387013661906732     
  -1.0386793348628109     
  -1.0386576362905886     
  -1.0386362704753660     
  -1.0386152374185036     
  -1.0385945371213614     
  -1.0385741695852997     
  -1.0385541348116789     
  -1.0385344328018595     
  -1.0385150635572022     
  -1.0384960270790677     
  -1.0384773233688167     
  -1.0384589524278098     
  -1.0384516972271769     
  -1.0384444952699281     
  -1.0384373465561503     
  -1.0384337921655957     
  -1.0384302510859416     
 -0.52715941881272821     
 -0.27188624457842980     
 -0.11878052476382892     
  -6.7749208114839352E-002
  -6.5648230052863354E-002
  -6.3544664809327592E-002
  -6.1444354968656766E-002
  -5.5155398788078507E-002
  -4.4736034435428326E-002
  -2.4121954510328312E-002
  -2.9046396982168555E-003
  -1.2926324872761637E-004
  -1.1827577644983516E-004
  -1.1710480156201756E-004
  -1.1632594144134376E-004
  -1.1516105162703783E-004
  -1.1477395555221993E-004
  -1.1400171290986094E-004
  -1.1323246916133281E-004
  -2.8695121768077626E-004
  -8.3263873304259702E-004
  -4.2465795711196684E-003
  -5.4694626956293096E-002
 -0.10515469105025724     
 -0.15557977500218015     
 -0.20599900075680047     
 -0.25642877502283395     
 -0.30687880799203060     
 -0.36349242424819000     
 -0.42005377934582833     
 -0.47674281231189264     
 -0.53350006170683084     
 -0.59027360118634176     
 -0.64702116442545354     
 -0.73192631783355566     
 -0.76024701828278651     
 -0.81674529410298413     
 -0.87312297359660018     
 -0.95737618036237482     
 -0.98543038169494124     
  -1.0413862751978216     
  -1.0971884985274405     
  -1.1528329655435836     
  -1.2083165423898903     
  -1.2636368275219969     
  -1.3187919824645955     
  -1.3737806012146634     
  -1.4286016091691831     
  -1.4832541846874123     
  -1.5377376980719781     
  -1.5920516640077556     
  -1.6461957044388797     
  -1.7001695195723276     
  -1.7807891914459901     
  -1.8075912835254115     
  -1.8610531456990012     
  -1.9143439829508897     
  -1.9601359201998760     
  -2.0058184408011455     
  -2.0513963649404694     
  -2.1648382449369938     
  -2.2776092469889302     
  -2.3225402484971029     
  -2.5010534916640252     
  -2.6117297881618060     
  -2.7216821156936772     
  -2.8308983961008765     
  -2.9393669314920037     
  -3.0470763765431901     
  -3.1540157180138610     
  -3.2601742595690628     
  -3.3655416105198022     
  -3.4701076774650748     
  -3.5738626580875046     
  -3.6767970365490807     
  -3.7789015800755523     
  -3.8801673364222387     
  -3.9805856319908628     
  -4.0801480704238919     
  -4.1788465315451555     
  -4.3735930159324745     
  -4.5647962636672679     
  -4.7524008219210110     
  -4.9363556572261054     
  -5.1166141309367958     
  -5.2931339739297432     
  -5.4658772587558211     
  -5.6348103680487913     
  -5.7999039583895993     
  -5.9611329190958653     
  -6.1184763256001702     
  -6.2719173872246010     
  -6.4214433892688785     
  -6.5670456294148352     
  -6.7087193485176622     
  -6.8464636559082130     
  -6.9802814493738943     
  -7.1101793300204008     
  -7.2361675122444931     
  -7.3582597290704923     
  -7.4764731331210754     
  -7.5908281935072930     
  -7.7013485889339499     
  -7.8080610973251972     
  -7.9109954822816348     
  -8.0101843766849328     
  -8.1056631637688437     
  -8.1974698559770296     
  -8.3701822533773669     
  -8.6026792279108086     
  -8.8651620275180800     
  -9.0287102095539460     
  -9.2414542380034401     
  -9.3872973073231627     
  -9.4743449825362678     
  -9.5190537113207352     
  -9.5188425546803863     
  -9.4838799096806188     
  -9.4221148118793927     
  -9.3405564225231341     
  -9.2452095711583766     
  -9.1410702969967694     
  -9.0321681538652427     
  -8.9216422378428994     
  -8.8118389671521733     
  -8.7044212725660000     
  -8.5000175613627498     
  -8.3127007736642167     
  -8.1413349641504933     
  -7.9827668977352406     
  -7.8333318199336155     
  -7.6897062417805486     
  -7.5492884707472943     
  -7.4102763167034791     
  -7.1331876389715205     
  -6.5609613791058692     
  -6.0359015116524102     
  -4.8745825475170443     
  -4.4680697424830029     
  -4.2148200022619013     
  -4.0849027399352549     
  -4.0471691190371333     
